LocalTime,Power(MW)
01/01/06 00:00,0.0
01/01/06 01:00,0.0
01/01/06 02:00,0.0
01/01/06 03:00,0.0
01/01/06 04:00,0.0
01/01/06 05:00,0.0
01/01/06 06:00,0.0
01/01/06 07:00,0.0
01/01/06 08:00,0.0
01/01/06 09:00,0.2
01/01/06 10:00,2.5
01/01/06 11:00,5.2
01/01/06 12:00,6.5
01/01/06 13:00,7.5
01/01/06 14:00,6.0
01/01/06 15:00,4.1
01/01/06 16:00,2.8
01/01/06 17:00,0.0
01/01/06 18:00,0.0
01/01/06 19:00,0.0
01/01/06 20:00,0.0
01/01/06 21:00,0.0
01/01/06 22:00,0.0
01/01/06 23:00,0.0
01/02/06 00:00,0.0
01/02/06 01:00,0.0
01/02/06 02:00,0.0
01/02/06 03:00,0.0
01/02/06 04:00,0.0
01/02/06 05:00,0.0
01/02/06 06:00,0.0
01/02/06 07:00,0.0
01/02/06 08:00,0.0
01/02/06 09:00,0.0
01/02/06 10:00,0.0
01/02/06 11:00,0.0
01/02/06 12:00,0.0
01/02/06 13:00,0.0
01/02/06 14:00,0.0
01/02/06 15:00,0.0
01/02/06 16:00,0.0
01/02/06 17:00,0.0
01/02/06 18:00,0.0
01/02/06 19:00,0.0
01/02/06 20:00,0.0
01/02/06 21:00,0.0
01/02/06 22:00,0.0
01/02/06 23:00,0.0
01/03/06 00:00,0.0
01/03/06 01:00,0.0
01/03/06 02:00,0.0
01/03/06 03:00,0.0
01/03/06 04:00,0.0
01/03/06 05:00,0.0
01/03/06 06:00,0.0
01/03/06 07:00,0.0
01/03/06 08:00,0.0
01/03/06 09:00,0.0
01/03/06 10:00,0.1
01/03/06 11:00,0.3
01/03/06 12:00,1.5
01/03/06 13:00,4.8
01/03/06 14:00,2.1
01/03/06 15:00,0.2
01/03/06 16:00,0.0
01/03/06 17:00,0.0
01/03/06 18:00,0.0
01/03/06 19:00,0.0
01/03/06 20:00,0.0
01/03/06 21:00,0.0
01/03/06 22:00,0.0
01/03/06 23:00,0.0
01/04/06 00:00,0.0
01/04/06 01:00,0.0
01/04/06 02:00,0.0
01/04/06 03:00,0.0
01/04/06 04:00,0.0
01/04/06 05:00,0.0
01/04/06 06:00,0.0
01/04/06 07:00,0.0
01/04/06 08:00,0.0
01/04/06 09:00,0.0
01/04/06 10:00,0.0
01/04/06 11:00,0.1
01/04/06 12:00,0.1
01/04/06 13:00,1.3
01/04/06 14:00,0.2
01/04/06 15:00,0.1
01/04/06 16:00,0.0
01/04/06 17:00,0.0
01/04/06 18:00,0.0
01/04/06 19:00,0.0
01/04/06 20:00,0.0
01/04/06 21:00,0.0
01/04/06 22:00,0.0
01/04/06 23:00,0.0
01/05/06 00:00,0.0
01/05/06 01:00,0.0
01/05/06 02:00,0.0
01/05/06 03:00,0.0
01/05/06 04:00,0.0
01/05/06 05:00,0.0
01/05/06 06:00,0.0
01/05/06 07:00,0.0
01/05/06 08:00,0.0
01/05/06 09:00,0.0
01/05/06 10:00,3.3
01/05/06 11:00,4.2
01/05/06 12:00,4.0
01/05/06 13:00,4.5
01/05/06 14:00,3.7
01/05/06 15:00,2.1
01/05/06 16:00,0.1
01/05/06 17:00,0.0
01/05/06 18:00,0.0
01/05/06 19:00,0.0
01/05/06 20:00,0.0
01/05/06 21:00,0.0
01/05/06 22:00,0.0
01/05/06 23:00,0.0
01/06/06 00:00,0.0
01/06/06 01:00,0.0
01/06/06 02:00,0.0
01/06/06 03:00,0.0
01/06/06 04:00,0.0
01/06/06 05:00,0.0
01/06/06 06:00,0.0
01/06/06 07:00,0.0
01/06/06 08:00,0.0
01/06/06 09:00,4.2
01/06/06 10:00,11.4
01/06/06 11:00,11.8
01/06/06 12:00,15.8
01/06/06 13:00,15.5
01/06/06 14:00,11.0
01/06/06 15:00,9.1
01/06/06 16:00,3.9
01/06/06 17:00,0.0
01/06/06 18:00,0.0
01/06/06 19:00,0.0
01/06/06 20:00,0.0
01/06/06 21:00,0.0
01/06/06 22:00,0.0
01/06/06 23:00,0.0
01/07/06 00:00,0.0
01/07/06 01:00,0.0
01/07/06 02:00,0.0
01/07/06 03:00,0.0
01/07/06 04:00,0.0
01/07/06 05:00,0.0
01/07/06 06:00,0.0
01/07/06 07:00,0.0
01/07/06 08:00,0.0
01/07/06 09:00,0.2
01/07/06 10:00,6.8
01/07/06 11:00,10.9
01/07/06 12:00,11.0
01/07/06 13:00,10.1
01/07/06 14:00,9.6
01/07/06 15:00,6.7
01/07/06 16:00,0.6
01/07/06 17:00,0.0
01/07/06 18:00,0.0
01/07/06 19:00,0.0
01/07/06 20:00,0.0
01/07/06 21:00,0.0
01/07/06 22:00,0.0
01/07/06 23:00,0.0
01/08/06 00:00,0.0
01/08/06 01:00,0.0
01/08/06 02:00,0.0
01/08/06 03:00,0.0
01/08/06 04:00,0.0
01/08/06 05:00,0.0
01/08/06 06:00,0.0
01/08/06 07:00,0.0
01/08/06 08:00,0.0
01/08/06 09:00,0.0
01/08/06 10:00,0.3
01/08/06 11:00,4.5
01/08/06 12:00,10.9
01/08/06 13:00,10.1
01/08/06 14:00,11.1
01/08/06 15:00,9.3
01/08/06 16:00,3.1
01/08/06 17:00,0.0
01/08/06 18:00,0.0
01/08/06 19:00,0.0
01/08/06 20:00,0.0
01/08/06 21:00,0.0
01/08/06 22:00,0.0
01/08/06 23:00,0.0
01/09/06 00:00,0.0
01/09/06 01:00,0.0
01/09/06 02:00,0.0
01/09/06 03:00,0.0
01/09/06 04:00,0.0
01/09/06 05:00,0.0
01/09/06 06:00,0.0
01/09/06 07:00,0.0
01/09/06 08:00,0.0
01/09/06 09:00,0.0
01/09/06 10:00,0.4
01/09/06 11:00,3.9
01/09/06 12:00,6.9
01/09/06 13:00,9.3
01/09/06 14:00,7.2
01/09/06 15:00,6.9
01/09/06 16:00,1.2
01/09/06 17:00,0.0
01/09/06 18:00,0.0
01/09/06 19:00,0.0
01/09/06 20:00,0.0
01/09/06 21:00,0.0
01/09/06 22:00,0.0
01/09/06 23:00,0.0
01/10/06 00:00,0.0
01/10/06 01:00,0.0
01/10/06 02:00,0.0
01/10/06 03:00,0.0
01/10/06 04:00,0.0
01/10/06 05:00,0.0
01/10/06 06:00,0.0
01/10/06 07:00,0.0
01/10/06 08:00,0.0
01/10/06 09:00,5.2
01/10/06 10:00,10.8
01/10/06 11:00,13.3
01/10/06 12:00,14.9
01/10/06 13:00,12.7
01/10/06 14:00,9.2
01/10/06 15:00,9.1
01/10/06 16:00,2.9
01/10/06 17:00,0.0
01/10/06 18:00,0.0
01/10/06 19:00,0.0
01/10/06 20:00,0.0
01/10/06 21:00,0.0
01/10/06 22:00,0.0
01/10/06 23:00,0.0
01/11/06 00:00,0.0
01/11/06 01:00,0.0
01/11/06 02:00,0.0
01/11/06 03:00,0.0
01/11/06 04:00,0.0
01/11/06 05:00,0.0
01/11/06 06:00,0.0
01/11/06 07:00,0.0
01/11/06 08:00,0.0
01/11/06 09:00,0.0
01/11/06 10:00,0.0
01/11/06 11:00,0.6
01/11/06 12:00,5.5
01/11/06 13:00,9.9
01/11/06 14:00,3.9
01/11/06 15:00,3.7
01/11/06 16:00,1.8
01/11/06 17:00,0.0
01/11/06 18:00,0.0
01/11/06 19:00,0.0
01/11/06 20:00,0.0
01/11/06 21:00,0.0
01/11/06 22:00,0.0
01/11/06 23:00,0.0
01/12/06 00:00,0.0
01/12/06 01:00,0.0
01/12/06 02:00,0.0
01/12/06 03:00,0.0
01/12/06 04:00,0.0
01/12/06 05:00,0.0
01/12/06 06:00,0.0
01/12/06 07:00,0.0
01/12/06 08:00,0.0
01/12/06 09:00,5.6
01/12/06 10:00,10.6
01/12/06 11:00,16.0
01/12/06 12:00,16.7
01/12/06 13:00,18.1
01/12/06 14:00,15.7
01/12/06 15:00,10.5
01/12/06 16:00,4.6
01/12/06 17:00,0.0
01/12/06 18:00,0.0
01/12/06 19:00,0.0
01/12/06 20:00,0.0
01/12/06 21:00,0.0
01/12/06 22:00,0.0
01/12/06 23:00,0.0
01/13/06 00:00,0.0
01/13/06 01:00,0.0
01/13/06 02:00,0.0
01/13/06 03:00,0.0
01/13/06 04:00,0.0
01/13/06 05:00,0.0
01/13/06 06:00,0.0
01/13/06 07:00,0.0
01/13/06 08:00,0.0
01/13/06 09:00,0.0
01/13/06 10:00,0.0
01/13/06 11:00,0.1
01/13/06 12:00,0.1
01/13/06 13:00,1.2
01/13/06 14:00,0.0
01/13/06 15:00,0.1
01/13/06 16:00,0.0
01/13/06 17:00,0.0
01/13/06 18:00,0.0
01/13/06 19:00,0.0
01/13/06 20:00,0.0
01/13/06 21:00,0.0
01/13/06 22:00,0.0
01/13/06 23:00,0.0
01/14/06 00:00,0.0
01/14/06 01:00,0.0
01/14/06 02:00,0.0
01/14/06 03:00,0.0
01/14/06 04:00,0.0
01/14/06 05:00,0.0
01/14/06 06:00,0.0
01/14/06 07:00,0.0
01/14/06 08:00,0.0
01/14/06 09:00,5.1
01/14/06 10:00,11.8
01/14/06 11:00,11.2
01/14/06 12:00,11.2
01/14/06 13:00,11.7
01/14/06 14:00,13.9
01/14/06 15:00,10.6
01/14/06 16:00,4.8
01/14/06 17:00,0.0
01/14/06 18:00,0.0
01/14/06 19:00,0.0
01/14/06 20:00,0.0
01/14/06 21:00,0.0
01/14/06 22:00,0.0
01/14/06 23:00,0.0
01/15/06 00:00,0.0
01/15/06 01:00,0.0
01/15/06 02:00,0.0
01/15/06 03:00,0.0
01/15/06 04:00,0.0
01/15/06 05:00,0.0
01/15/06 06:00,0.0
01/15/06 07:00,0.0
01/15/06 08:00,0.0
01/15/06 09:00,0.9
01/15/06 10:00,6.9
01/15/06 11:00,10.6
01/15/06 12:00,12.5
01/15/06 13:00,9.7
01/15/06 14:00,9.9
01/15/06 15:00,10.6
01/15/06 16:00,4.2
01/15/06 17:00,0.0
01/15/06 18:00,0.0
01/15/06 19:00,0.0
01/15/06 20:00,0.0
01/15/06 21:00,0.0
01/15/06 22:00,0.0
01/15/06 23:00,0.0
01/16/06 00:00,0.0
01/16/06 01:00,0.0
01/16/06 02:00,0.0
01/16/06 03:00,0.0
01/16/06 04:00,0.0
01/16/06 05:00,0.0
01/16/06 06:00,0.0
01/16/06 07:00,0.0
01/16/06 08:00,0.0
01/16/06 09:00,3.3
01/16/06 10:00,8.9
01/16/06 11:00,12.8
01/16/06 12:00,15.8
01/16/06 13:00,14.6
01/16/06 14:00,13.1
01/16/06 15:00,11.8
01/16/06 16:00,5.4
01/16/06 17:00,0.0
01/16/06 18:00,0.0
01/16/06 19:00,0.0
01/16/06 20:00,0.0
01/16/06 21:00,0.0
01/16/06 22:00,0.0
01/16/06 23:00,0.0
01/17/06 00:00,0.0
01/17/06 01:00,0.0
01/17/06 02:00,0.0
01/17/06 03:00,0.0
01/17/06 04:00,0.0
01/17/06 05:00,0.0
01/17/06 06:00,0.0
01/17/06 07:00,0.0
01/17/06 08:00,0.0
01/17/06 09:00,0.0
01/17/06 10:00,0.0
01/17/06 11:00,0.3
01/17/06 12:00,3.8
01/17/06 13:00,0.7
01/17/06 14:00,0.1
01/17/06 15:00,0.0
01/17/06 16:00,0.0
01/17/06 17:00,0.0
01/17/06 18:00,0.0
01/17/06 19:00,0.0
01/17/06 20:00,0.0
01/17/06 21:00,0.0
01/17/06 22:00,0.0
01/17/06 23:00,0.0
01/18/06 00:00,0.0
01/18/06 01:00,0.0
01/18/06 02:00,0.0
01/18/06 03:00,0.0
01/18/06 04:00,0.0
01/18/06 05:00,0.0
01/18/06 06:00,0.0
01/18/06 07:00,0.0
01/18/06 08:00,0.0
01/18/06 09:00,0.3
01/18/06 10:00,7.1
01/18/06 11:00,11.6
01/18/06 12:00,9.9
01/18/06 13:00,12.6
01/18/06 14:00,11.1
01/18/06 15:00,7.5
01/18/06 16:00,4.7
01/18/06 17:00,0.0
01/18/06 18:00,0.0
01/18/06 19:00,0.0
01/18/06 20:00,0.0
01/18/06 21:00,0.0
01/18/06 22:00,0.0
01/18/06 23:00,0.0
01/19/06 00:00,0.0
01/19/06 01:00,0.0
01/19/06 02:00,0.0
01/19/06 03:00,0.0
01/19/06 04:00,0.0
01/19/06 05:00,0.0
01/19/06 06:00,0.0
01/19/06 07:00,0.0
01/19/06 08:00,0.0
01/19/06 09:00,0.2
01/19/06 10:00,5.5
01/19/06 11:00,13.2
01/19/06 12:00,13.5
01/19/06 13:00,7.4
01/19/06 14:00,6.1
01/19/06 15:00,3.9
01/19/06 16:00,1.4
01/19/06 17:00,0.0
01/19/06 18:00,0.0
01/19/06 19:00,0.0
01/19/06 20:00,0.0
01/19/06 21:00,0.0
01/19/06 22:00,0.0
01/19/06 23:00,0.0
01/20/06 00:00,0.0
01/20/06 01:00,0.0
01/20/06 02:00,0.0
01/20/06 03:00,0.0
01/20/06 04:00,0.0
01/20/06 05:00,0.0
01/20/06 06:00,0.0
01/20/06 07:00,0.0
01/20/06 08:00,0.0
01/20/06 09:00,0.0
01/20/06 10:00,0.3
01/20/06 11:00,3.2
01/20/06 12:00,4.0
01/20/06 13:00,4.1
01/20/06 14:00,3.9
01/20/06 15:00,2.7
01/20/06 16:00,0.3
01/20/06 17:00,0.0
01/20/06 18:00,0.0
01/20/06 19:00,0.0
01/20/06 20:00,0.0
01/20/06 21:00,0.0
01/20/06 22:00,0.0
01/20/06 23:00,0.0
01/21/06 00:00,0.0
01/21/06 01:00,0.0
01/21/06 02:00,0.0
01/21/06 03:00,0.0
01/21/06 04:00,0.0
01/21/06 05:00,0.0
01/21/06 06:00,0.0
01/21/06 07:00,0.0
01/21/06 08:00,0.0
01/21/06 09:00,1.2
01/21/06 10:00,12.6
01/21/06 11:00,14.8
01/21/06 12:00,12.2
01/21/06 13:00,13.9
01/21/06 14:00,9.7
01/21/06 15:00,10.3
01/21/06 16:00,5.6
01/21/06 17:00,0.0
01/21/06 18:00,0.0
01/21/06 19:00,0.0
01/21/06 20:00,0.0
01/21/06 21:00,0.0
01/21/06 22:00,0.0
01/21/06 23:00,0.0
01/22/06 00:00,0.0
01/22/06 01:00,0.0
01/22/06 02:00,0.0
01/22/06 03:00,0.0
01/22/06 04:00,0.0
01/22/06 05:00,0.0
01/22/06 06:00,0.0
01/22/06 07:00,0.0
01/22/06 08:00,0.0
01/22/06 09:00,0.2
01/22/06 10:00,4.7
01/22/06 11:00,12.5
01/22/06 12:00,16.9
01/22/06 13:00,16.3
01/22/06 14:00,10.5
01/22/06 15:00,8.2
01/22/06 16:00,5.0
01/22/06 17:00,0.0
01/22/06 18:00,0.0
01/22/06 19:00,0.0
01/22/06 20:00,0.0
01/22/06 21:00,0.0
01/22/06 22:00,0.0
01/22/06 23:00,0.0
01/23/06 00:00,0.0
01/23/06 01:00,0.0
01/23/06 02:00,0.0
01/23/06 03:00,0.0
01/23/06 04:00,0.0
01/23/06 05:00,0.0
01/23/06 06:00,0.0
01/23/06 07:00,0.0
01/23/06 08:00,0.0
01/23/06 09:00,0.1
01/23/06 10:00,4.4
01/23/06 11:00,12.6
01/23/06 12:00,12.0
01/23/06 13:00,16.2
01/23/06 14:00,15.2
01/23/06 15:00,11.2
01/23/06 16:00,5.7
01/23/06 17:00,0.0
01/23/06 18:00,0.0
01/23/06 19:00,0.0
01/23/06 20:00,0.0
01/23/06 21:00,0.0
01/23/06 22:00,0.0
01/23/06 23:00,0.0
01/24/06 00:00,0.0
01/24/06 01:00,0.0
01/24/06 02:00,0.0
01/24/06 03:00,0.0
01/24/06 04:00,0.0
01/24/06 05:00,0.0
01/24/06 06:00,0.0
01/24/06 07:00,0.0
01/24/06 08:00,0.0
01/24/06 09:00,1.8
01/24/06 10:00,6.5
01/24/06 11:00,6.0
01/24/06 12:00,9.8
01/24/06 13:00,12.7
01/24/06 14:00,11.3
01/24/06 15:00,7.8
01/24/06 16:00,3.8
01/24/06 17:00,0.0
01/24/06 18:00,0.0
01/24/06 19:00,0.0
01/24/06 20:00,0.0
01/24/06 21:00,0.0
01/24/06 22:00,0.0
01/24/06 23:00,0.0
01/25/06 00:00,0.0
01/25/06 01:00,0.0
01/25/06 02:00,0.0
01/25/06 03:00,0.0
01/25/06 04:00,0.0
01/25/06 05:00,0.0
01/25/06 06:00,0.0
01/25/06 07:00,0.0
01/25/06 08:00,0.0
01/25/06 09:00,4.7
01/25/06 10:00,10.4
01/25/06 11:00,12.6
01/25/06 12:00,13.6
01/25/06 13:00,11.3
01/25/06 14:00,11.7
01/25/06 15:00,9.3
01/25/06 16:00,5.8
01/25/06 17:00,0.0
01/25/06 18:00,0.0
01/25/06 19:00,0.0
01/25/06 20:00,0.0
01/25/06 21:00,0.0
01/25/06 22:00,0.0
01/25/06 23:00,0.0
01/26/06 00:00,0.0
01/26/06 01:00,0.0
01/26/06 02:00,0.0
01/26/06 03:00,0.0
01/26/06 04:00,0.0
01/26/06 05:00,0.0
01/26/06 06:00,0.0
01/26/06 07:00,0.0
01/26/06 08:00,0.0
01/26/06 09:00,6.6
01/26/06 10:00,13.4
01/26/06 11:00,19.0
01/26/06 12:00,19.8
01/26/06 13:00,19.0
01/26/06 14:00,15.9
01/26/06 15:00,12.5
01/26/06 16:00,6.4
01/26/06 17:00,0.0
01/26/06 18:00,0.0
01/26/06 19:00,0.0
01/26/06 20:00,0.0
01/26/06 21:00,0.0
01/26/06 22:00,0.0
01/26/06 23:00,0.0
01/27/06 00:00,0.0
01/27/06 01:00,0.0
01/27/06 02:00,0.0
01/27/06 03:00,0.0
01/27/06 04:00,0.0
01/27/06 05:00,0.0
01/27/06 06:00,0.0
01/27/06 07:00,0.0
01/27/06 08:00,0.0
01/27/06 09:00,6.4
01/27/06 10:00,11.0
01/27/06 11:00,9.2
01/27/06 12:00,14.6
01/27/06 13:00,12.6
01/27/06 14:00,11.0
01/27/06 15:00,9.2
01/27/06 16:00,5.8
01/27/06 17:00,0.0
01/27/06 18:00,0.0
01/27/06 19:00,0.0
01/27/06 20:00,0.0
01/27/06 21:00,0.0
01/27/06 22:00,0.0
01/27/06 23:00,0.0
01/28/06 00:00,0.0
01/28/06 01:00,0.0
01/28/06 02:00,0.0
01/28/06 03:00,0.0
01/28/06 04:00,0.0
01/28/06 05:00,0.0
01/28/06 06:00,0.0
01/28/06 07:00,0.0
01/28/06 08:00,0.0
01/28/06 09:00,5.2
01/28/06 10:00,10.3
01/28/06 11:00,17.2
01/28/06 12:00,16.4
01/28/06 13:00,17.8
01/28/06 14:00,10.2
01/28/06 15:00,8.8
01/28/06 16:00,5.2
01/28/06 17:00,0.0
01/28/06 18:00,0.0
01/28/06 19:00,0.0
01/28/06 20:00,0.0
01/28/06 21:00,0.0
01/28/06 22:00,0.0
01/28/06 23:00,0.0
01/29/06 00:00,0.0
01/29/06 01:00,0.0
01/29/06 02:00,0.0
01/29/06 03:00,0.0
01/29/06 04:00,0.0
01/29/06 05:00,0.0
01/29/06 06:00,0.0
01/29/06 07:00,0.0
01/29/06 08:00,0.0
01/29/06 09:00,0.0
01/29/06 10:00,0.0
01/29/06 11:00,0.0
01/29/06 12:00,0.1
01/29/06 13:00,1.6
01/29/06 14:00,0.3
01/29/06 15:00,0.0
01/29/06 16:00,0.0
01/29/06 17:00,0.0
01/29/06 18:00,0.0
01/29/06 19:00,0.0
01/29/06 20:00,0.0
01/29/06 21:00,0.0
01/29/06 22:00,0.0
01/29/06 23:00,0.0
01/30/06 00:00,0.0
01/30/06 01:00,0.0
01/30/06 02:00,0.0
01/30/06 03:00,0.0
01/30/06 04:00,0.0
01/30/06 05:00,0.0
01/30/06 06:00,0.0
01/30/06 07:00,0.0
01/30/06 08:00,0.0
01/30/06 09:00,0.4
01/30/06 10:00,4.4
01/30/06 11:00,5.8
01/30/06 12:00,7.8
01/30/06 13:00,11.3
01/30/06 14:00,8.9
01/30/06 15:00,7.8
01/30/06 16:00,4.1
01/30/06 17:00,0.1
01/30/06 18:00,0.0
01/30/06 19:00,0.0
01/30/06 20:00,0.0
01/30/06 21:00,0.0
01/30/06 22:00,0.0
01/30/06 23:00,0.0
01/31/06 00:00,0.0
01/31/06 01:00,0.0
01/31/06 02:00,0.0
01/31/06 03:00,0.0
01/31/06 04:00,0.0
01/31/06 05:00,0.0
01/31/06 06:00,0.0
01/31/06 07:00,0.0
01/31/06 08:00,0.0
01/31/06 09:00,4.9
01/31/06 10:00,10.3
01/31/06 11:00,12.8
01/31/06 12:00,12.6
01/31/06 13:00,13.4
01/31/06 14:00,12.2
01/31/06 15:00,9.1
01/31/06 16:00,6.4
01/31/06 17:00,0.1
01/31/06 18:00,0.0
01/31/06 19:00,0.0
01/31/06 20:00,0.0
01/31/06 21:00,0.0
01/31/06 22:00,0.0
01/31/06 23:00,0.0
02/01/06 00:00,0.0
02/01/06 01:00,0.0
02/01/06 02:00,0.0
02/01/06 03:00,0.0
02/01/06 04:00,0.0
02/01/06 05:00,0.0
02/01/06 06:00,0.0
02/01/06 07:00,0.0
02/01/06 08:00,0.0
02/01/06 09:00,0.0
02/01/06 10:00,0.2
02/01/06 11:00,5.3
02/01/06 12:00,6.1
02/01/06 13:00,13.2
02/01/06 14:00,11.9
02/01/06 15:00,7.5
02/01/06 16:00,3.6
02/01/06 17:00,0.1
02/01/06 18:00,0.0
02/01/06 19:00,0.0
02/01/06 20:00,0.0
02/01/06 21:00,0.0
02/01/06 22:00,0.0
02/01/06 23:00,0.0
02/02/06 00:00,0.0
02/02/06 01:00,0.0
02/02/06 02:00,0.0
02/02/06 03:00,0.0
02/02/06 04:00,0.0
02/02/06 05:00,0.0
02/02/06 06:00,0.0
02/02/06 07:00,0.0
02/02/06 08:00,0.0
02/02/06 09:00,0.2
02/02/06 10:00,3.9
02/02/06 11:00,7.9
02/02/06 12:00,12.2
02/02/06 13:00,13.0
02/02/06 14:00,14.7
02/02/06 15:00,10.1
02/02/06 16:00,4.9
02/02/06 17:00,0.1
02/02/06 18:00,0.0
02/02/06 19:00,0.0
02/02/06 20:00,0.0
02/02/06 21:00,0.0
02/02/06 22:00,0.0
02/02/06 23:00,0.0
02/03/06 00:00,0.0
02/03/06 01:00,0.0
02/03/06 02:00,0.0
02/03/06 03:00,0.0
02/03/06 04:00,0.0
02/03/06 05:00,0.0
02/03/06 06:00,0.0
02/03/06 07:00,0.0
02/03/06 08:00,0.0
02/03/06 09:00,0.1
02/03/06 10:00,1.8
02/03/06 11:00,4.9
02/03/06 12:00,4.5
02/03/06 13:00,6.1
02/03/06 14:00,4.8
02/03/06 15:00,6.6
02/03/06 16:00,4.5
02/03/06 17:00,0.0
02/03/06 18:00,0.0
02/03/06 19:00,0.0
02/03/06 20:00,0.0
02/03/06 21:00,0.0
02/03/06 22:00,0.0
02/03/06 23:00,0.0
02/04/06 00:00,0.0
02/04/06 01:00,0.0
02/04/06 02:00,0.0
02/04/06 03:00,0.0
02/04/06 04:00,0.0
02/04/06 05:00,0.0
02/04/06 06:00,0.0
02/04/06 07:00,0.0
02/04/06 08:00,0.0
02/04/06 09:00,0.0
02/04/06 10:00,0.0
02/04/06 11:00,0.3
02/04/06 12:00,4.2
02/04/06 13:00,5.0
02/04/06 14:00,1.1
02/04/06 15:00,0.2
02/04/06 16:00,0.0
02/04/06 17:00,0.0
02/04/06 18:00,0.0
02/04/06 19:00,0.0
02/04/06 20:00,0.0
02/04/06 21:00,0.0
02/04/06 22:00,0.0
02/04/06 23:00,0.0
02/05/06 00:00,0.0
02/05/06 01:00,0.0
02/05/06 02:00,0.0
02/05/06 03:00,0.0
02/05/06 04:00,0.0
02/05/06 05:00,0.0
02/05/06 06:00,0.0
02/05/06 07:00,0.0
02/05/06 08:00,0.0
02/05/06 09:00,1.6
02/05/06 10:00,5.3
02/05/06 11:00,0.0
02/05/06 12:00,14.0
02/05/06 13:00,16.1
02/05/06 14:00,13.9
02/05/06 15:00,14.4
02/05/06 16:00,5.2
02/05/06 17:00,1.8
02/05/06 18:00,0.0
02/05/06 19:00,0.0
02/05/06 20:00,0.0
02/05/06 21:00,0.0
02/05/06 22:00,0.0
02/05/06 23:00,0.0
02/06/06 00:00,0.0
02/06/06 01:00,0.0
02/06/06 02:00,0.0
02/06/06 03:00,0.0
02/06/06 04:00,0.0
02/06/06 05:00,0.0
02/06/06 06:00,0.0
02/06/06 07:00,0.0
02/06/06 08:00,0.0
02/06/06 09:00,6.6
02/06/06 10:00,12.4
02/06/06 11:00,16.9
02/06/06 12:00,18.1
02/06/06 13:00,17.3
02/06/06 14:00,18.3
02/06/06 15:00,0.0
02/06/06 16:00,7.5
02/06/06 17:00,1.9
02/06/06 18:00,0.0
02/06/06 19:00,0.0
02/06/06 20:00,0.0
02/06/06 21:00,0.0
02/06/06 22:00,0.0
02/06/06 23:00,0.0
02/07/06 00:00,0.0
02/07/06 01:00,0.0
02/07/06 02:00,0.0
02/07/06 03:00,0.0
02/07/06 04:00,0.0
02/07/06 05:00,0.0
02/07/06 06:00,0.0
02/07/06 07:00,0.0
02/07/06 08:00,0.0
02/07/06 09:00,8.7
02/07/06 10:00,15.6
02/07/06 11:00,15.4
02/07/06 12:00,13.6
02/07/06 13:00,14.1
02/07/06 14:00,12.8
02/07/06 15:00,9.9
02/07/06 16:00,7.3
02/07/06 17:00,2.0
02/07/06 18:00,0.0
02/07/06 19:00,0.0
02/07/06 20:00,0.0
02/07/06 21:00,0.0
02/07/06 22:00,0.0
02/07/06 23:00,0.0
02/08/06 00:00,0.0
02/08/06 01:00,0.0
02/08/06 02:00,0.0
02/08/06 03:00,0.0
02/08/06 04:00,0.0
02/08/06 05:00,0.0
02/08/06 06:00,0.0
02/08/06 07:00,0.0
02/08/06 08:00,0.0
02/08/06 09:00,6.2
02/08/06 10:00,12.8
02/08/06 11:00,12.3
02/08/06 12:00,15.5
02/08/06 13:00,14.8
02/08/06 14:00,14.6
02/08/06 15:00,11.0
02/08/06 16:00,8.2
02/08/06 17:00,1.8
02/08/06 18:00,0.0
02/08/06 19:00,0.0
02/08/06 20:00,0.0
02/08/06 21:00,0.0
02/08/06 22:00,0.0
02/08/06 23:00,0.0
02/09/06 00:00,0.0
02/09/06 01:00,0.0
02/09/06 02:00,0.0
02/09/06 03:00,0.0
02/09/06 04:00,0.0
02/09/06 05:00,0.0
02/09/06 06:00,0.0
02/09/06 07:00,0.0
02/09/06 08:00,0.0
02/09/06 09:00,4.6
02/09/06 10:00,11.3
02/09/06 11:00,19.6
02/09/06 12:00,22.1
02/09/06 13:00,20.1
02/09/06 14:00,19.0
02/09/06 15:00,15.1
02/09/06 16:00,7.9
02/09/06 17:00,1.3
02/09/06 18:00,0.0
02/09/06 19:00,0.0
02/09/06 20:00,0.0
02/09/06 21:00,0.0
02/09/06 22:00,0.0
02/09/06 23:00,0.0
02/10/06 00:00,0.0
02/10/06 01:00,0.0
02/10/06 02:00,0.0
02/10/06 03:00,0.0
02/10/06 04:00,0.0
02/10/06 05:00,0.0
02/10/06 06:00,0.0
02/10/06 07:00,0.0
02/10/06 08:00,0.0
02/10/06 09:00,2.1
02/10/06 10:00,7.4
02/10/06 11:00,9.8
02/10/06 12:00,12.7
02/10/06 13:00,13.1
02/10/06 14:00,13.0
02/10/06 15:00,11.7
02/10/06 16:00,8.3
02/10/06 17:00,1.9
02/10/06 18:00,0.0
02/10/06 19:00,0.0
02/10/06 20:00,0.0
02/10/06 21:00,0.0
02/10/06 22:00,0.0
02/10/06 23:00,0.0
02/11/06 00:00,0.0
02/11/06 01:00,0.0
02/11/06 02:00,0.0
02/11/06 03:00,0.0
02/11/06 04:00,0.0
02/11/06 05:00,0.0
02/11/06 06:00,0.0
02/11/06 07:00,0.0
02/11/06 08:00,0.0
02/11/06 09:00,3.3
02/11/06 10:00,7.5
02/11/06 11:00,13.1
02/11/06 12:00,14.8
02/11/06 13:00,12.2
02/11/06 14:00,12.0
02/11/06 15:00,11.8
02/11/06 16:00,7.3
02/11/06 17:00,1.9
02/11/06 18:00,0.0
02/11/06 19:00,0.0
02/11/06 20:00,0.0
02/11/06 21:00,0.0
02/11/06 22:00,0.0
02/11/06 23:00,0.0
02/12/06 00:00,0.0
02/12/06 01:00,0.0
02/12/06 02:00,0.0
02/12/06 03:00,0.0
02/12/06 04:00,0.0
02/12/06 05:00,0.0
02/12/06 06:00,0.0
02/12/06 07:00,0.0
02/12/06 08:00,0.0
02/12/06 09:00,6.2
02/12/06 10:00,15.5
02/12/06 11:00,19.7
02/12/06 12:00,16.8
02/12/06 13:00,13.4
02/12/06 14:00,16.6
02/12/06 15:00,15.1
02/12/06 16:00,8.8
02/12/06 17:00,2.2
02/12/06 18:00,0.0
02/12/06 19:00,0.0
02/12/06 20:00,0.0
02/12/06 21:00,0.0
02/12/06 22:00,0.0
02/12/06 23:00,0.0
02/13/06 00:00,0.0
02/13/06 01:00,0.0
02/13/06 02:00,0.0
02/13/06 03:00,0.0
02/13/06 04:00,0.0
02/13/06 05:00,0.0
02/13/06 06:00,0.0
02/13/06 07:00,0.0
02/13/06 08:00,0.1
02/13/06 09:00,7.9
02/13/06 10:00,12.5
02/13/06 11:00,14.0
02/13/06 12:00,15.8
02/13/06 13:00,15.9
02/13/06 14:00,13.4
02/13/06 15:00,8.6
02/13/06 16:00,6.6
02/13/06 17:00,2.5
02/13/06 18:00,0.0
02/13/06 19:00,0.0
02/13/06 20:00,0.0
02/13/06 21:00,0.0
02/13/06 22:00,0.0
02/13/06 23:00,0.0
02/14/06 00:00,0.0
02/14/06 01:00,0.0
02/14/06 02:00,0.0
02/14/06 03:00,0.0
02/14/06 04:00,0.0
02/14/06 05:00,0.0
02/14/06 06:00,0.0
02/14/06 07:00,0.0
02/14/06 08:00,0.0
02/14/06 09:00,2.5
02/14/06 10:00,7.2
02/14/06 11:00,10.2
02/14/06 12:00,12.4
02/14/06 13:00,13.2
02/14/06 14:00,12.2
02/14/06 15:00,12.0
02/14/06 16:00,7.6
02/14/06 17:00,2.2
02/14/06 18:00,0.0
02/14/06 19:00,0.0
02/14/06 20:00,0.0
02/14/06 21:00,0.0
02/14/06 22:00,0.0
02/14/06 23:00,0.0
02/15/06 00:00,0.0
02/15/06 01:00,0.0
02/15/06 02:00,0.0
02/15/06 03:00,0.0
02/15/06 04:00,0.0
02/15/06 05:00,0.0
02/15/06 06:00,0.0
02/15/06 07:00,0.0
02/15/06 08:00,0.0
02/15/06 09:00,0.6
02/15/06 10:00,3.8
02/15/06 11:00,6.8
02/15/06 12:00,9.5
02/15/06 13:00,9.9
02/15/06 14:00,11.3
02/15/06 15:00,10.5
02/15/06 16:00,4.5
02/15/06 17:00,2.9
02/15/06 18:00,0.0
02/15/06 19:00,0.0
02/15/06 20:00,0.0
02/15/06 21:00,0.0
02/15/06 22:00,0.0
02/15/06 23:00,0.0
02/16/06 00:00,0.0
02/16/06 01:00,0.0
02/16/06 02:00,0.0
02/16/06 03:00,0.0
02/16/06 04:00,0.0
02/16/06 05:00,0.0
02/16/06 06:00,0.0
02/16/06 07:00,0.0
02/16/06 08:00,0.0
02/16/06 09:00,0.0
02/16/06 10:00,0.2
02/16/06 11:00,0.4
02/16/06 12:00,0.8
02/16/06 13:00,0.4
02/16/06 14:00,0.1
02/16/06 15:00,0.0
02/16/06 16:00,0.0
02/16/06 17:00,0.0
02/16/06 18:00,0.0
02/16/06 19:00,0.0
02/16/06 20:00,0.0
02/16/06 21:00,0.0
02/16/06 22:00,0.0
02/16/06 23:00,0.0
02/17/06 00:00,0.0
02/17/06 01:00,0.0
02/17/06 02:00,0.0
02/17/06 03:00,0.0
02/17/06 04:00,0.0
02/17/06 05:00,0.0
02/17/06 06:00,0.0
02/17/06 07:00,0.0
02/17/06 08:00,0.0
02/17/06 09:00,10.6
02/17/06 10:00,18.0
02/17/06 11:00,19.4
02/17/06 12:00,18.2
02/17/06 13:00,21.4
02/17/06 14:00,17.6
02/17/06 15:00,13.0
02/17/06 16:00,6.8
02/17/06 17:00,3.3
02/17/06 18:00,0.0
02/17/06 19:00,0.0
02/17/06 20:00,0.0
02/17/06 21:00,0.0
02/17/06 22:00,0.0
02/17/06 23:00,0.0
02/18/06 00:00,0.0
02/18/06 01:00,0.0
02/18/06 02:00,0.0
02/18/06 03:00,0.0
02/18/06 04:00,0.0
02/18/06 05:00,0.0
02/18/06 06:00,0.0
02/18/06 07:00,0.0
02/18/06 08:00,1.8
02/18/06 09:00,11.9
02/18/06 10:00,16.0
02/18/06 11:00,16.3
02/18/06 12:00,17.7
02/18/06 13:00,20.0
02/18/06 14:00,19.5
02/18/06 15:00,15.4
02/18/06 16:00,9.6
02/18/06 17:00,3.3
02/18/06 18:00,0.0
02/18/06 19:00,0.0
02/18/06 20:00,0.0
02/18/06 21:00,0.0
02/18/06 22:00,0.0
02/18/06 23:00,0.0
02/19/06 00:00,0.0
02/19/06 01:00,0.0
02/19/06 02:00,0.0
02/19/06 03:00,0.0
02/19/06 04:00,0.0
02/19/06 05:00,0.0
02/19/06 06:00,0.0
02/19/06 07:00,0.0
02/19/06 08:00,1.3
02/19/06 09:00,10.4
02/19/06 10:00,13.6
02/19/06 11:00,16.4
02/19/06 12:00,17.5
02/19/06 13:00,16.2
02/19/06 14:00,15.0
02/19/06 15:00,14.5
02/19/06 16:00,10.3
02/19/06 17:00,3.4
02/19/06 18:00,0.0
02/19/06 19:00,0.0
02/19/06 20:00,0.0
02/19/06 21:00,0.0
02/19/06 22:00,0.0
02/19/06 23:00,0.0
02/20/06 00:00,0.0
02/20/06 01:00,0.0
02/20/06 02:00,0.0
02/20/06 03:00,0.0
02/20/06 04:00,0.0
02/20/06 05:00,0.0
02/20/06 06:00,0.0
02/20/06 07:00,0.0
02/20/06 08:00,0.2
02/20/06 09:00,7.9
02/20/06 10:00,13.3
02/20/06 11:00,20.5
02/20/06 12:00,18.3
02/20/06 13:00,17.8
02/20/06 14:00,16.5
02/20/06 15:00,11.3
02/20/06 16:00,5.6
02/20/06 17:00,2.8
02/20/06 18:00,0.0
02/20/06 19:00,0.0
02/20/06 20:00,0.0
02/20/06 21:00,0.0
02/20/06 22:00,0.0
02/20/06 23:00,0.0
02/21/06 00:00,0.0
02/21/06 01:00,0.0
02/21/06 02:00,0.0
02/21/06 03:00,0.0
02/21/06 04:00,0.0
02/21/06 05:00,0.0
02/21/06 06:00,0.0
02/21/06 07:00,0.0
02/21/06 08:00,0.0
02/21/06 09:00,6.1
02/21/06 10:00,15.9
02/21/06 11:00,16.0
02/21/06 12:00,13.5
02/21/06 13:00,18.8
02/21/06 14:00,17.3
02/21/06 15:00,14.8
02/21/06 16:00,9.3
02/21/06 17:00,3.5
02/21/06 18:00,0.0
02/21/06 19:00,0.0
02/21/06 20:00,0.0
02/21/06 21:00,0.0
02/21/06 22:00,0.0
02/21/06 23:00,0.0
02/22/06 00:00,0.0
02/22/06 01:00,0.0
02/22/06 02:00,0.0
02/22/06 03:00,0.0
02/22/06 04:00,0.0
02/22/06 05:00,0.0
02/22/06 06:00,0.0
02/22/06 07:00,0.0
02/22/06 08:00,0.0
02/22/06 09:00,6.5
02/22/06 10:00,15.9
02/22/06 11:00,17.1
02/22/06 12:00,17.2
02/22/06 13:00,17.2
02/22/06 14:00,20.4
02/22/06 15:00,15.3
02/22/06 16:00,9.9
02/22/06 17:00,3.5
02/22/06 18:00,0.0
02/22/06 19:00,0.0
02/22/06 20:00,0.0
02/22/06 21:00,0.0
02/22/06 22:00,0.0
02/22/06 23:00,0.0
02/23/06 00:00,0.0
02/23/06 01:00,0.0
02/23/06 02:00,0.0
02/23/06 03:00,0.0
02/23/06 04:00,0.0
02/23/06 05:00,0.0
02/23/06 06:00,0.0
02/23/06 07:00,0.0
02/23/06 08:00,0.0
02/23/06 09:00,4.7
02/23/06 10:00,13.5
02/23/06 11:00,19.8
02/23/06 12:00,16.5
02/23/06 13:00,14.1
02/23/06 14:00,12.5
02/23/06 15:00,11.1
02/23/06 16:00,6.7
02/23/06 17:00,1.7
02/23/06 18:00,0.0
02/23/06 19:00,0.0
02/23/06 20:00,0.0
02/23/06 21:00,0.0
02/23/06 22:00,0.0
02/23/06 23:00,0.0
02/24/06 00:00,0.0
02/24/06 01:00,0.0
02/24/06 02:00,0.0
02/24/06 03:00,0.0
02/24/06 04:00,0.0
02/24/06 05:00,0.0
02/24/06 06:00,0.0
02/24/06 07:00,0.0
02/24/06 08:00,3.2
02/24/06 09:00,12.5
02/24/06 10:00,16.1
02/24/06 11:00,18.8
02/24/06 12:00,16.0
02/24/06 13:00,15.1
02/24/06 14:00,12.7
02/24/06 15:00,9.7
02/24/06 16:00,5.4
02/24/06 17:00,1.5
02/24/06 18:00,0.0
02/24/06 19:00,0.0
02/24/06 20:00,0.0
02/24/06 21:00,0.0
02/24/06 22:00,0.0
02/24/06 23:00,0.0
02/25/06 00:00,0.0
02/25/06 01:00,0.0
02/25/06 02:00,0.0
02/25/06 03:00,0.0
02/25/06 04:00,0.0
02/25/06 05:00,0.0
02/25/06 06:00,0.0
02/25/06 07:00,0.0
02/25/06 08:00,0.1
02/25/06 09:00,10.3
02/25/06 10:00,13.4
02/25/06 11:00,19.1
02/25/06 12:00,18.1
02/25/06 13:00,15.1
02/25/06 14:00,13.9
02/25/06 15:00,16.7
02/25/06 16:00,5.5
02/25/06 17:00,4.2
02/25/06 18:00,0.0
02/25/06 19:00,0.0
02/25/06 20:00,0.0
02/25/06 21:00,0.0
02/25/06 22:00,0.0
02/25/06 23:00,0.0
02/26/06 00:00,0.0
02/26/06 01:00,0.0
02/26/06 02:00,0.0
02/26/06 03:00,0.0
02/26/06 04:00,0.0
02/26/06 05:00,0.0
02/26/06 06:00,0.0
02/26/06 07:00,0.0
02/26/06 08:00,3.6
02/26/06 09:00,13.3
02/26/06 10:00,18.2
02/26/06 11:00,19.5
02/26/06 12:00,19.4
02/26/06 13:00,19.3
02/26/06 14:00,18.5
02/26/06 15:00,15.5
02/26/06 16:00,6.8
02/26/06 17:00,4.1
02/26/06 18:00,0.0
02/26/06 19:00,0.0
02/26/06 20:00,0.0
02/26/06 21:00,0.0
02/26/06 22:00,0.0
02/26/06 23:00,0.0
02/27/06 00:00,0.0
02/27/06 01:00,0.0
02/27/06 02:00,0.0
02/27/06 03:00,0.0
02/27/06 04:00,0.0
02/27/06 05:00,0.0
02/27/06 06:00,0.0
02/27/06 07:00,0.0
02/27/06 08:00,0.1
02/27/06 09:00,5.5
02/27/06 10:00,9.7
02/27/06 11:00,13.4
02/27/06 12:00,14.9
02/27/06 13:00,16.7
02/27/06 14:00,14.7
02/27/06 15:00,11.8
02/27/06 16:00,7.1
02/27/06 17:00,4.1
02/27/06 18:00,0.0
02/27/06 19:00,0.0
02/27/06 20:00,0.0
02/27/06 21:00,0.0
02/27/06 22:00,0.0
02/27/06 23:00,0.0
02/28/06 00:00,0.0
02/28/06 01:00,0.0
02/28/06 02:00,0.0
02/28/06 03:00,0.0
02/28/06 04:00,0.0
02/28/06 05:00,0.0
02/28/06 06:00,0.0
02/28/06 07:00,0.0
02/28/06 08:00,3.8
02/28/06 09:00,12.8
02/28/06 10:00,20.1
02/28/06 11:00,20.3
02/28/06 12:00,24.2
02/28/06 13:00,20.9
02/28/06 14:00,19.8
02/28/06 15:00,11.8
02/28/06 16:00,5.5
02/28/06 17:00,2.9
02/28/06 18:00,0.0
02/28/06 19:00,0.0
02/28/06 20:00,0.0
02/28/06 21:00,0.0
02/28/06 22:00,0.0
02/28/06 23:00,0.0
03/01/06 00:00,0.0
03/01/06 01:00,0.0
03/01/06 02:00,0.0
03/01/06 03:00,0.0
03/01/06 04:00,0.0
03/01/06 05:00,0.0
03/01/06 06:00,0.0
03/01/06 07:00,0.0
03/01/06 08:00,3.5
03/01/06 09:00,8.4
03/01/06 10:00,17.6
03/01/06 11:00,11.8
03/01/06 12:00,17.7
03/01/06 13:00,12.2
03/01/06 14:00,13.0
03/01/06 15:00,7.3
03/01/06 16:00,4.0
03/01/06 17:00,1.0
03/01/06 18:00,0.0
03/01/06 19:00,0.0
03/01/06 20:00,0.0
03/01/06 21:00,0.0
03/01/06 22:00,0.0
03/01/06 23:00,0.0
03/02/06 00:00,0.0
03/02/06 01:00,0.0
03/02/06 02:00,0.0
03/02/06 03:00,0.0
03/02/06 04:00,0.0
03/02/06 05:00,0.0
03/02/06 06:00,0.0
03/02/06 07:00,0.0
03/02/06 08:00,0.0
03/02/06 09:00,2.0
03/02/06 10:00,7.4
03/02/06 11:00,11.0
03/02/06 12:00,14.9
03/02/06 13:00,14.4
03/02/06 14:00,13.7
03/02/06 15:00,11.5
03/02/06 16:00,6.5
03/02/06 17:00,2.9
03/02/06 18:00,0.0
03/02/06 19:00,0.0
03/02/06 20:00,0.0
03/02/06 21:00,0.0
03/02/06 22:00,0.0
03/02/06 23:00,0.0
03/03/06 00:00,0.0
03/03/06 01:00,0.0
03/03/06 02:00,0.0
03/03/06 03:00,0.0
03/03/06 04:00,0.0
03/03/06 05:00,0.0
03/03/06 06:00,0.0
03/03/06 07:00,0.0
03/03/06 08:00,4.1
03/03/06 09:00,12.3
03/03/06 10:00,18.2
03/03/06 11:00,16.8
03/03/06 12:00,15.5
03/03/06 13:00,19.8
03/03/06 14:00,17.3
03/03/06 15:00,16.2
03/03/06 16:00,10.1
03/03/06 17:00,4.1
03/03/06 18:00,0.0
03/03/06 19:00,0.0
03/03/06 20:00,0.0
03/03/06 21:00,0.0
03/03/06 22:00,0.0
03/03/06 23:00,0.0
03/04/06 00:00,0.0
03/04/06 01:00,0.0
03/04/06 02:00,0.0
03/04/06 03:00,0.0
03/04/06 04:00,0.0
03/04/06 05:00,0.0
03/04/06 06:00,0.0
03/04/06 07:00,0.0
03/04/06 08:00,4.4
03/04/06 09:00,13.3
03/04/06 10:00,19.9
03/04/06 11:00,21.7
03/04/06 12:00,22.6
03/04/06 13:00,21.3
03/04/06 14:00,19.3
03/04/06 15:00,15.5
03/04/06 16:00,10.2
03/04/06 17:00,4.3
03/04/06 18:00,0.0
03/04/06 19:00,0.0
03/04/06 20:00,0.0
03/04/06 21:00,0.0
03/04/06 22:00,0.0
03/04/06 23:00,0.0
03/05/06 00:00,0.0
03/05/06 01:00,0.0
03/05/06 02:00,0.0
03/05/06 03:00,0.0
03/05/06 04:00,0.0
03/05/06 05:00,0.0
03/05/06 06:00,0.0
03/05/06 07:00,0.0
03/05/06 08:00,0.1
03/05/06 09:00,4.4
03/05/06 10:00,7.6
03/05/06 11:00,16.9
03/05/06 12:00,19.5
03/05/06 13:00,19.9
03/05/06 14:00,13.1
03/05/06 15:00,17.2
03/05/06 16:00,7.7
03/05/06 17:00,3.2
03/05/06 18:00,0.0
03/05/06 19:00,0.0
03/05/06 20:00,0.0
03/05/06 21:00,0.0
03/05/06 22:00,0.0
03/05/06 23:00,0.0
03/06/06 00:00,0.0
03/06/06 01:00,0.0
03/06/06 02:00,0.0
03/06/06 03:00,0.0
03/06/06 04:00,0.0
03/06/06 05:00,0.0
03/06/06 06:00,0.0
03/06/06 07:00,0.0
03/06/06 08:00,0.5
03/06/06 09:00,6.5
03/06/06 10:00,11.3
03/06/06 11:00,14.6
03/06/06 12:00,18.7
03/06/06 13:00,15.3
03/06/06 14:00,16.3
03/06/06 15:00,13.2
03/06/06 16:00,8.5
03/06/06 17:00,4.3
03/06/06 18:00,0.0
03/06/06 19:00,0.0
03/06/06 20:00,0.0
03/06/06 21:00,0.0
03/06/06 22:00,0.0
03/06/06 23:00,0.0
03/07/06 00:00,0.0
03/07/06 01:00,0.0
03/07/06 02:00,0.0
03/07/06 03:00,0.0
03/07/06 04:00,0.0
03/07/06 05:00,0.0
03/07/06 06:00,0.0
03/07/06 07:00,0.0
03/07/06 08:00,4.8
03/07/06 09:00,12.5
03/07/06 10:00,18.9
03/07/06 11:00,21.1
03/07/06 12:00,22.7
03/07/06 13:00,20.9
03/07/06 14:00,19.6
03/07/06 15:00,15.5
03/07/06 16:00,10.5
03/07/06 17:00,4.5
03/07/06 18:00,0.0
03/07/06 19:00,0.0
03/07/06 20:00,0.0
03/07/06 21:00,0.0
03/07/06 22:00,0.0
03/07/06 23:00,0.0
03/08/06 00:00,0.0
03/08/06 01:00,0.0
03/08/06 02:00,0.0
03/08/06 03:00,0.0
03/08/06 04:00,0.0
03/08/06 05:00,0.0
03/08/06 06:00,0.0
03/08/06 07:00,0.0
03/08/06 08:00,0.1
03/08/06 09:00,3.1
03/08/06 10:00,0.2
03/08/06 11:00,1.6
03/08/06 12:00,0.5
03/08/06 13:00,3.2
03/08/06 14:00,0.3
03/08/06 15:00,0.2
03/08/06 16:00,0.3
03/08/06 17:00,0.0
03/08/06 18:00,0.0
03/08/06 19:00,0.0
03/08/06 20:00,0.0
03/08/06 21:00,0.0
03/08/06 22:00,0.0
03/08/06 23:00,0.0
03/09/06 00:00,0.0
03/09/06 01:00,0.0
03/09/06 02:00,0.0
03/09/06 03:00,0.0
03/09/06 04:00,0.0
03/09/06 05:00,0.0
03/09/06 06:00,0.0
03/09/06 07:00,0.0
03/09/06 08:00,0.0
03/09/06 09:00,0.1
03/09/06 10:00,0.8
03/09/06 11:00,6.7
03/09/06 12:00,14.5
03/09/06 13:00,9.3
03/09/06 14:00,10.6
03/09/06 15:00,4.2
03/09/06 16:00,0.1
03/09/06 17:00,0.0
03/09/06 18:00,0.0
03/09/06 19:00,0.0
03/09/06 20:00,0.0
03/09/06 21:00,0.0
03/09/06 22:00,0.0
03/09/06 23:00,0.0
03/10/06 00:00,0.0
03/10/06 01:00,0.0
03/10/06 02:00,0.0
03/10/06 03:00,0.0
03/10/06 04:00,0.0
03/10/06 05:00,0.0
03/10/06 06:00,0.0
03/10/06 07:00,0.0
03/10/06 08:00,0.0
03/10/06 09:00,0.5
03/10/06 10:00,6.1
03/10/06 11:00,8.8
03/10/06 12:00,16.7
03/10/06 13:00,14.1
03/10/06 14:00,12.7
03/10/06 15:00,14.2
03/10/06 16:00,10.7
03/10/06 17:00,4.7
03/10/06 18:00,0.0
03/10/06 19:00,0.0
03/10/06 20:00,0.0
03/10/06 21:00,0.0
03/10/06 22:00,0.0
03/10/06 23:00,0.0
03/11/06 00:00,0.0
03/11/06 01:00,0.0
03/11/06 02:00,0.0
03/11/06 03:00,0.0
03/11/06 04:00,0.0
03/11/06 05:00,0.0
03/11/06 06:00,0.0
03/11/06 07:00,0.0
03/11/06 08:00,4.1
03/11/06 09:00,1.3
03/11/06 10:00,1.6
03/11/06 11:00,15.1
03/11/06 12:00,15.3
03/11/06 13:00,17.1
03/11/06 14:00,19.8
03/11/06 15:00,9.9
03/11/06 16:00,12.1
03/11/06 17:00,4.9
03/11/06 18:00,0.0
03/11/06 19:00,0.0
03/11/06 20:00,0.0
03/11/06 21:00,0.0
03/11/06 22:00,0.0
03/11/06 23:00,0.0
03/12/06 00:00,0.0
03/12/06 01:00,0.0
03/12/06 02:00,0.0
03/12/06 03:00,0.0
03/12/06 04:00,0.0
03/12/06 05:00,0.0
03/12/06 06:00,0.0
03/12/06 07:00,0.0
03/12/06 08:00,0.0
03/12/06 09:00,1.0
03/12/06 10:00,3.6
03/12/06 11:00,7.8
03/12/06 12:00,8.5
03/12/06 13:00,8.1
03/12/06 14:00,7.8
03/12/06 15:00,7.3
03/12/06 16:00,7.9
03/12/06 17:00,2.7
03/12/06 18:00,0.0
03/12/06 19:00,0.0
03/12/06 20:00,0.0
03/12/06 21:00,0.0
03/12/06 22:00,0.0
03/12/06 23:00,0.0
03/13/06 00:00,0.0
03/13/06 01:00,0.0
03/13/06 02:00,0.0
03/13/06 03:00,0.0
03/13/06 04:00,0.0
03/13/06 05:00,0.0
03/13/06 06:00,0.0
03/13/06 07:00,0.0
03/13/06 08:00,0.0
03/13/06 09:00,0.0
03/13/06 10:00,7.4
03/13/06 11:00,15.4
03/13/06 12:00,15.7
03/13/06 13:00,14.9
03/13/06 14:00,16.2
03/13/06 15:00,12.7
03/13/06 16:00,6.7
03/13/06 17:00,5.3
03/13/06 18:00,0.0
03/13/06 19:00,0.0
03/13/06 20:00,0.0
03/13/06 21:00,0.0
03/13/06 22:00,0.0
03/13/06 23:00,0.0
03/14/06 00:00,0.0
03/14/06 01:00,0.0
03/14/06 02:00,0.0
03/14/06 03:00,0.0
03/14/06 04:00,0.0
03/14/06 05:00,0.0
03/14/06 06:00,0.0
03/14/06 07:00,0.0
03/14/06 08:00,4.5
03/14/06 09:00,9.1
03/14/06 10:00,13.0
03/14/06 11:00,16.5
03/14/06 12:00,17.8
03/14/06 13:00,17.4
03/14/06 14:00,14.7
03/14/06 15:00,11.5
03/14/06 16:00,6.9
03/14/06 17:00,3.9
03/14/06 18:00,0.0
03/14/06 19:00,0.0
03/14/06 20:00,0.0
03/14/06 21:00,0.0
03/14/06 22:00,0.0
03/14/06 23:00,0.0
03/15/06 00:00,0.0
03/15/06 01:00,0.0
03/15/06 02:00,0.0
03/15/06 03:00,0.0
03/15/06 04:00,0.0
03/15/06 05:00,0.0
03/15/06 06:00,0.0
03/15/06 07:00,0.0
03/15/06 08:00,6.0
03/15/06 09:00,14.7
03/15/06 10:00,21.9
03/15/06 11:00,24.0
03/15/06 12:00,25.1
03/15/06 13:00,23.2
03/15/06 14:00,20.6
03/15/06 15:00,16.7
03/15/06 16:00,11.3
03/15/06 17:00,5.1
03/15/06 18:00,0.0
03/15/06 19:00,0.0
03/15/06 20:00,0.0
03/15/06 21:00,0.0
03/15/06 22:00,0.0
03/15/06 23:00,0.0
03/16/06 00:00,0.0
03/16/06 01:00,0.0
03/16/06 02:00,0.0
03/16/06 03:00,0.0
03/16/06 04:00,0.0
03/16/06 05:00,0.0
03/16/06 06:00,0.0
03/16/06 07:00,0.0
03/16/06 08:00,3.8
03/16/06 09:00,11.6
03/16/06 10:00,13.4
03/16/06 11:00,15.2
03/16/06 12:00,15.7
03/16/06 13:00,16.3
03/16/06 14:00,13.1
03/16/06 15:00,9.9
03/16/06 16:00,7.4
03/16/06 17:00,0.1
03/16/06 18:00,0.0
03/16/06 19:00,0.0
03/16/06 20:00,0.0
03/16/06 21:00,0.0
03/16/06 22:00,0.0
03/16/06 23:00,0.0
03/17/06 00:00,0.0
03/17/06 01:00,0.0
03/17/06 02:00,0.0
03/17/06 03:00,0.0
03/17/06 04:00,0.0
03/17/06 05:00,0.0
03/17/06 06:00,0.0
03/17/06 07:00,0.0
03/17/06 08:00,6.1
03/17/06 09:00,15.1
03/17/06 10:00,19.2
03/17/06 11:00,18.9
03/17/06 12:00,25.9
03/17/06 13:00,22.8
03/17/06 14:00,22.7
03/17/06 15:00,18.5
03/17/06 16:00,11.7
03/17/06 17:00,5.3
03/17/06 18:00,0.0
03/17/06 19:00,0.0
03/17/06 20:00,0.0
03/17/06 21:00,0.0
03/17/06 22:00,0.0
03/17/06 23:00,0.0
03/18/06 00:00,0.0
03/18/06 01:00,0.0
03/18/06 02:00,0.0
03/18/06 03:00,0.0
03/18/06 04:00,0.0
03/18/06 05:00,0.0
03/18/06 06:00,0.0
03/18/06 07:00,0.0
03/18/06 08:00,6.7
03/18/06 09:00,14.7
03/18/06 10:00,22.3
03/18/06 11:00,23.4
03/18/06 12:00,23.2
03/18/06 13:00,23.2
03/18/06 14:00,19.9
03/18/06 15:00,17.1
03/18/06 16:00,11.0
03/18/06 17:00,5.4
03/18/06 18:00,0.0
03/18/06 19:00,0.0
03/18/06 20:00,0.0
03/18/06 21:00,0.0
03/18/06 22:00,0.0
03/18/06 23:00,0.0
03/19/06 00:00,0.0
03/19/06 01:00,0.0
03/19/06 02:00,0.0
03/19/06 03:00,0.0
03/19/06 04:00,0.0
03/19/06 05:00,0.0
03/19/06 06:00,0.0
03/19/06 07:00,0.0
03/19/06 08:00,6.4
03/19/06 09:00,15.0
03/19/06 10:00,20.5
03/19/06 11:00,20.5
03/19/06 12:00,22.2
03/19/06 13:00,22.6
03/19/06 14:00,20.7
03/19/06 15:00,17.1
03/19/06 16:00,11.6
03/19/06 17:00,5.4
03/19/06 18:00,0.0
03/19/06 19:00,0.0
03/19/06 20:00,0.0
03/19/06 21:00,0.0
03/19/06 22:00,0.0
03/19/06 23:00,0.0
03/20/06 00:00,0.0
03/20/06 01:00,0.0
03/20/06 02:00,0.0
03/20/06 03:00,0.0
03/20/06 04:00,0.0
03/20/06 05:00,0.0
03/20/06 06:00,0.0
03/20/06 07:00,0.0
03/20/06 08:00,7.7
03/20/06 09:00,13.7
03/20/06 10:00,17.0
03/20/06 11:00,18.0
03/20/06 12:00,18.0
03/20/06 13:00,17.0
03/20/06 14:00,14.5
03/20/06 15:00,11.8
03/20/06 16:00,9.8
03/20/06 17:00,4.5
03/20/06 18:00,0.1
03/20/06 19:00,0.0
03/20/06 20:00,0.0
03/20/06 21:00,0.0
03/20/06 22:00,0.0
03/20/06 23:00,0.0
03/21/06 00:00,0.0
03/21/06 01:00,0.0
03/21/06 02:00,0.0
03/21/06 03:00,0.0
03/21/06 04:00,0.0
03/21/06 05:00,0.0
03/21/06 06:00,0.0
03/21/06 07:00,0.0
03/21/06 08:00,5.0
03/21/06 09:00,12.8
03/21/06 10:00,15.8
03/21/06 11:00,14.9
03/21/06 12:00,13.0
03/21/06 13:00,14.3
03/21/06 14:00,16.2
03/21/06 15:00,9.4
03/21/06 16:00,8.3
03/21/06 17:00,5.5
03/21/06 18:00,0.0
03/21/06 19:00,0.0
03/21/06 20:00,0.0
03/21/06 21:00,0.0
03/21/06 22:00,0.0
03/21/06 23:00,0.0
03/22/06 00:00,0.0
03/22/06 01:00,0.0
03/22/06 02:00,0.0
03/22/06 03:00,0.0
03/22/06 04:00,0.0
03/22/06 05:00,0.0
03/22/06 06:00,0.0
03/22/06 07:00,0.0
03/22/06 08:00,6.9
03/22/06 09:00,12.1
03/22/06 10:00,15.7
03/22/06 11:00,17.6
03/22/06 12:00,17.0
03/22/06 13:00,16.2
03/22/06 14:00,15.0
03/22/06 15:00,12.8
03/22/06 16:00,7.8
03/22/06 17:00,3.4
03/22/06 18:00,0.0
03/22/06 19:00,0.0
03/22/06 20:00,0.0
03/22/06 21:00,0.0
03/22/06 22:00,0.0
03/22/06 23:00,0.0
03/23/06 00:00,0.0
03/23/06 01:00,0.0
03/23/06 02:00,0.0
03/23/06 03:00,0.0
03/23/06 04:00,0.0
03/23/06 05:00,0.0
03/23/06 06:00,0.0
03/23/06 07:00,0.0
03/23/06 08:00,3.3
03/23/06 09:00,9.8
03/23/06 10:00,15.2
03/23/06 11:00,15.0
03/23/06 12:00,16.6
03/23/06 13:00,16.8
03/23/06 14:00,14.7
03/23/06 15:00,11.8
03/23/06 16:00,8.0
03/23/06 17:00,4.1
03/23/06 18:00,0.0
03/23/06 19:00,0.0
03/23/06 20:00,0.0
03/23/06 21:00,0.0
03/23/06 22:00,0.0
03/23/06 23:00,0.0
03/24/06 00:00,0.0
03/24/06 01:00,0.0
03/24/06 02:00,0.0
03/24/06 03:00,0.0
03/24/06 04:00,0.0
03/24/06 05:00,0.0
03/24/06 06:00,0.0
03/24/06 07:00,0.0
03/24/06 08:00,5.2
03/24/06 09:00,11.9
03/24/06 10:00,15.0
03/24/06 11:00,16.0
03/24/06 12:00,17.4
03/24/06 13:00,16.6
03/24/06 14:00,15.3
03/24/06 15:00,12.6
03/24/06 16:00,9.1
03/24/06 17:00,4.1
03/24/06 18:00,0.0
03/24/06 19:00,0.0
03/24/06 20:00,0.0
03/24/06 21:00,0.0
03/24/06 22:00,0.0
03/24/06 23:00,0.0
03/25/06 00:00,0.0
03/25/06 01:00,0.0
03/25/06 02:00,0.0
03/25/06 03:00,0.0
03/25/06 04:00,0.0
03/25/06 05:00,0.0
03/25/06 06:00,0.0
03/25/06 07:00,0.0
03/25/06 08:00,5.0
03/25/06 09:00,10.6
03/25/06 10:00,16.6
03/25/06 11:00,16.9
03/25/06 12:00,16.3
03/25/06 13:00,16.9
03/25/06 14:00,16.2
03/25/06 15:00,14.3
03/25/06 16:00,8.2
03/25/06 17:00,6.3
03/25/06 18:00,0.0
03/25/06 19:00,0.0
03/25/06 20:00,0.0
03/25/06 21:00,0.0
03/25/06 22:00,0.0
03/25/06 23:00,0.0
03/26/06 00:00,0.0
03/26/06 01:00,0.0
03/26/06 02:00,0.0
03/26/06 03:00,0.0
03/26/06 04:00,0.0
03/26/06 05:00,0.0
03/26/06 06:00,0.0
03/26/06 07:00,0.0
03/26/06 08:00,4.9
03/26/06 09:00,14.0
03/26/06 10:00,17.6
03/26/06 11:00,13.7
03/26/06 12:00,12.8
03/26/06 13:00,13.4
03/26/06 14:00,18.8
03/26/06 15:00,18.7
03/26/06 16:00,9.2
03/26/06 17:00,6.3
03/26/06 18:00,0.1
03/26/06 19:00,0.0
03/26/06 20:00,0.0
03/26/06 21:00,0.0
03/26/06 22:00,0.0
03/26/06 23:00,0.0
03/27/06 00:00,0.0
03/27/06 01:00,0.0
03/27/06 02:00,0.0
03/27/06 03:00,0.0
03/27/06 04:00,0.0
03/27/06 05:00,0.0
03/27/06 06:00,0.0
03/27/06 07:00,0.1
03/27/06 08:00,8.0
03/27/06 09:00,14.6
03/27/06 10:00,21.9
03/27/06 11:00,25.1
03/27/06 12:00,26.1
03/27/06 13:00,24.9
03/27/06 14:00,21.5
03/27/06 15:00,15.4
03/27/06 16:00,13.3
03/27/06 17:00,5.8
03/27/06 18:00,0.1
03/27/06 19:00,0.0
03/27/06 20:00,0.0
03/27/06 21:00,0.0
03/27/06 22:00,0.0
03/27/06 23:00,0.0
03/28/06 00:00,0.0
03/28/06 01:00,0.0
03/28/06 02:00,0.0
03/28/06 03:00,0.0
03/28/06 04:00,0.0
03/28/06 05:00,0.0
03/28/06 06:00,0.0
03/28/06 07:00,0.0
03/28/06 08:00,3.4
03/28/06 09:00,4.3
03/28/06 10:00,6.8
03/28/06 11:00,9.3
03/28/06 12:00,12.1
03/28/06 13:00,15.2
03/28/06 14:00,15.2
03/28/06 15:00,12.5
03/28/06 16:00,9.0
03/28/06 17:00,3.4
03/28/06 18:00,0.0
03/28/06 19:00,0.0
03/28/06 20:00,0.0
03/28/06 21:00,0.0
03/28/06 22:00,0.0
03/28/06 23:00,0.0
03/29/06 00:00,0.0
03/29/06 01:00,0.0
03/29/06 02:00,0.0
03/29/06 03:00,0.0
03/29/06 04:00,0.0
03/29/06 05:00,0.0
03/29/06 06:00,0.0
03/29/06 07:00,0.3
03/29/06 08:00,8.5
03/29/06 09:00,15.1
03/29/06 10:00,19.9
03/29/06 11:00,20.6
03/29/06 12:00,19.2
03/29/06 13:00,21.5
03/29/06 14:00,20.4
03/29/06 15:00,17.9
03/29/06 16:00,12.4
03/29/06 17:00,6.1
03/29/06 18:00,0.1
03/29/06 19:00,0.0
03/29/06 20:00,0.0
03/29/06 21:00,0.0
03/29/06 22:00,0.0
03/29/06 23:00,0.0
03/30/06 00:00,0.0
03/30/06 01:00,0.0
03/30/06 02:00,0.0
03/30/06 03:00,0.0
03/30/06 04:00,0.0
03/30/06 05:00,0.0
03/30/06 06:00,0.0
03/30/06 07:00,0.4
03/30/06 08:00,8.3
03/30/06 09:00,14.9
03/30/06 10:00,20.5
03/30/06 11:00,23.7
03/30/06 12:00,23.5
03/30/06 13:00,24.7
03/30/06 14:00,21.0
03/30/06 15:00,18.1
03/30/06 16:00,12.0
03/30/06 17:00,5.7
03/30/06 18:00,0.2
03/30/06 19:00,0.0
03/30/06 20:00,0.0
03/30/06 21:00,0.0
03/30/06 22:00,0.0
03/30/06 23:00,0.0
03/31/06 00:00,0.0
03/31/06 01:00,0.0
03/31/06 02:00,0.0
03/31/06 03:00,0.0
03/31/06 04:00,0.0
03/31/06 05:00,0.0
03/31/06 06:00,0.0
03/31/06 07:00,0.3
03/31/06 08:00,7.0
03/31/06 09:00,6.0
03/31/06 10:00,9.7
03/31/06 11:00,6.3
03/31/06 12:00,9.2
03/31/06 13:00,10.8
03/31/06 14:00,13.0
03/31/06 15:00,12.1
03/31/06 16:00,9.0
03/31/06 17:00,5.9
03/31/06 18:00,0.0
03/31/06 19:00,0.0
03/31/06 20:00,0.0
03/31/06 21:00,0.0
03/31/06 22:00,0.0
03/31/06 23:00,0.0
04/01/06 00:00,0.0
04/01/06 01:00,0.0
04/01/06 02:00,0.0
04/01/06 03:00,0.0
04/01/06 04:00,0.0
04/01/06 05:00,0.0
04/01/06 06:00,0.0
04/01/06 07:00,0.0
04/01/06 08:00,0.0
04/01/06 09:00,0.2
04/01/06 10:00,1.4
04/01/06 11:00,3.3
04/01/06 12:00,4.2
04/01/06 13:00,4.2
04/01/06 14:00,4.6
04/01/06 15:00,5.2
04/01/06 16:00,5.4
04/01/06 17:00,2.4
04/01/06 18:00,0.0
04/01/06 19:00,0.0
04/01/06 20:00,0.0
04/01/06 21:00,0.0
04/01/06 22:00,0.0
04/01/06 23:00,0.0
04/02/06 00:00,0.0
04/02/06 01:00,0.0
04/02/06 02:00,0.0
04/02/06 03:00,0.0
04/02/06 04:00,0.0
04/02/06 05:00,0.0
04/02/06 06:00,0.0
04/02/06 07:00,1.0
04/02/06 08:00,10.0
04/02/06 09:00,13.5
04/02/06 10:00,15.6
04/02/06 11:00,17.1
04/02/06 12:00,16.8
04/02/06 13:00,10.6
04/02/06 14:00,15.7
04/02/06 15:00,12.4
04/02/06 16:00,7.7
04/02/06 17:00,4.1
04/02/06 18:00,0.1
04/02/06 19:00,0.0
04/02/06 20:00,0.0
04/02/06 21:00,0.0
04/02/06 22:00,0.0
04/02/06 23:00,0.0
04/03/06 00:00,0.0
04/03/06 01:00,0.0
04/03/06 02:00,0.0
04/03/06 03:00,0.0
04/03/06 04:00,0.0
04/03/06 05:00,0.0
04/03/06 06:00,0.0
04/03/06 07:00,0.0
04/03/06 08:00,6.5
04/03/06 09:00,7.4
04/03/06 10:00,10.9
04/03/06 11:00,12.9
04/03/06 12:00,5.0
04/03/06 13:00,8.3
04/03/06 14:00,0.8
04/03/06 15:00,4.0
04/03/06 16:00,8.0
04/03/06 17:00,4.0
04/03/06 18:00,0.1
04/03/06 19:00,0.0
04/03/06 20:00,0.0
04/03/06 21:00,0.0
04/03/06 22:00,0.0
04/03/06 23:00,0.0
04/04/06 00:00,0.0
04/04/06 01:00,0.0
04/04/06 02:00,0.0
04/04/06 03:00,0.0
04/04/06 04:00,0.0
04/04/06 05:00,0.0
04/04/06 06:00,0.0
04/04/06 07:00,0.2
04/04/06 08:00,6.5
04/04/06 09:00,10.3
04/04/06 10:00,15.1
04/04/06 11:00,17.6
04/04/06 12:00,18.7
04/04/06 13:00,18.4
04/04/06 14:00,15.9
04/04/06 15:00,14.3
04/04/06 16:00,8.9
04/04/06 17:00,4.4
04/04/06 18:00,0.1
04/04/06 19:00,0.0
04/04/06 20:00,0.0
04/04/06 21:00,0.0
04/04/06 22:00,0.0
04/04/06 23:00,0.0
04/05/06 00:00,0.0
04/05/06 01:00,0.0
04/05/06 02:00,0.0
04/05/06 03:00,0.0
04/05/06 04:00,0.0
04/05/06 05:00,0.0
04/05/06 06:00,0.0
04/05/06 07:00,0.0
04/05/06 08:00,7.9
04/05/06 09:00,8.6
04/05/06 10:00,11.4
04/05/06 11:00,16.3
04/05/06 12:00,18.5
04/05/06 13:00,17.3
04/05/06 14:00,14.5
04/05/06 15:00,12.6
04/05/06 16:00,12.2
04/05/06 17:00,6.1
04/05/06 18:00,0.2
04/05/06 19:00,0.0
04/05/06 20:00,0.0
04/05/06 21:00,0.0
04/05/06 22:00,0.0
04/05/06 23:00,0.0
04/06/06 00:00,0.0
04/06/06 01:00,0.0
04/06/06 02:00,0.0
04/06/06 03:00,0.0
04/06/06 04:00,0.0
04/06/06 05:00,0.0
04/06/06 06:00,0.0
04/06/06 07:00,2.7
04/06/06 08:00,10.0
04/06/06 09:00,18.0
04/06/06 10:00,20.0
04/06/06 11:00,24.7
04/06/06 12:00,22.6
04/06/06 13:00,20.4
04/06/06 14:00,17.7
04/06/06 15:00,18.3
04/06/06 16:00,13.0
04/06/06 17:00,5.5
04/06/06 18:00,0.2
04/06/06 19:00,0.0
04/06/06 20:00,0.0
04/06/06 21:00,0.0
04/06/06 22:00,0.0
04/06/06 23:00,0.0
04/07/06 00:00,0.0
04/07/06 01:00,0.0
04/07/06 02:00,0.0
04/07/06 03:00,0.0
04/07/06 04:00,0.0
04/07/06 05:00,0.0
04/07/06 06:00,0.0
04/07/06 07:00,0.0
04/07/06 08:00,0.2
04/07/06 09:00,0.0
04/07/06 10:00,10.0
04/07/06 11:00,8.9
04/07/06 12:00,9.9
04/07/06 13:00,0.5
04/07/06 14:00,0.8
04/07/06 15:00,0.3
04/07/06 16:00,0.2
04/07/06 17:00,0.0
04/07/06 18:00,0.0
04/07/06 19:00,0.0
04/07/06 20:00,0.0
04/07/06 21:00,0.0
04/07/06 22:00,0.0
04/07/06 23:00,0.0
04/08/06 00:00,0.0
04/08/06 01:00,0.0
04/08/06 02:00,0.0
04/08/06 03:00,0.0
04/08/06 04:00,0.0
04/08/06 05:00,0.0
04/08/06 06:00,0.0
04/08/06 07:00,2.7
04/08/06 08:00,9.9
04/08/06 09:00,14.8
04/08/06 10:00,18.8
04/08/06 11:00,21.9
04/08/06 12:00,25.6
04/08/06 13:00,24.7
04/08/06 14:00,24.1
04/08/06 15:00,17.8
04/08/06 16:00,12.6
04/08/06 17:00,6.8
04/08/06 18:00,0.4
04/08/06 19:00,0.0
04/08/06 20:00,0.0
04/08/06 21:00,0.0
04/08/06 22:00,0.0
04/08/06 23:00,0.0
04/09/06 00:00,0.0
04/09/06 01:00,0.0
04/09/06 02:00,0.0
04/09/06 03:00,0.0
04/09/06 04:00,0.0
04/09/06 05:00,0.0
04/09/06 06:00,0.0
04/09/06 07:00,3.2
04/09/06 08:00,10.7
04/09/06 09:00,18.7
04/09/06 10:00,22.8
04/09/06 11:00,24.8
04/09/06 12:00,26.0
04/09/06 13:00,24.8
04/09/06 14:00,22.4
04/09/06 15:00,17.7
04/09/06 16:00,12.6
04/09/06 17:00,7.4
04/09/06 18:00,1.0
04/09/06 19:00,0.0
04/09/06 20:00,0.0
04/09/06 21:00,0.0
04/09/06 22:00,0.0
04/09/06 23:00,0.0
04/10/06 00:00,0.0
04/10/06 01:00,0.0
04/10/06 02:00,0.0
04/10/06 03:00,0.0
04/10/06 04:00,0.0
04/10/06 05:00,0.0
04/10/06 06:00,0.0
04/10/06 07:00,3.4
04/10/06 08:00,11.7
04/10/06 09:00,16.4
04/10/06 10:00,16.3
04/10/06 11:00,19.2
04/10/06 12:00,18.1
04/10/06 13:00,14.9
04/10/06 14:00,16.8
04/10/06 15:00,16.0
04/10/06 16:00,13.5
04/10/06 17:00,5.9
04/10/06 18:00,0.4
04/10/06 19:00,0.0
04/10/06 20:00,0.0
04/10/06 21:00,0.0
04/10/06 22:00,0.0
04/10/06 23:00,0.0
04/11/06 00:00,0.0
04/11/06 01:00,0.0
04/11/06 02:00,0.0
04/11/06 03:00,0.0
04/11/06 04:00,0.0
04/11/06 05:00,0.0
04/11/06 06:00,0.0
04/11/06 07:00,0.8
04/11/06 08:00,9.3
04/11/06 09:00,12.1
04/11/06 10:00,16.8
04/11/06 11:00,14.9
04/11/06 12:00,17.9
04/11/06 13:00,19.3
04/11/06 14:00,17.3
04/11/06 15:00,15.3
04/11/06 16:00,9.2
04/11/06 17:00,5.0
04/11/06 18:00,0.5
04/11/06 19:00,0.0
04/11/06 20:00,0.0
04/11/06 21:00,0.0
04/11/06 22:00,0.0
04/11/06 23:00,0.0
04/12/06 00:00,0.0
04/12/06 01:00,0.0
04/12/06 02:00,0.0
04/12/06 03:00,0.0
04/12/06 04:00,0.0
04/12/06 05:00,0.0
04/12/06 06:00,0.0
04/12/06 07:00,2.9
04/12/06 08:00,5.8
04/12/06 09:00,0.1
04/12/06 10:00,0.0
04/12/06 11:00,5.2
04/12/06 12:00,6.9
04/12/06 13:00,5.7
04/12/06 14:00,12.9
04/12/06 15:00,12.9
04/12/06 16:00,4.9
04/12/06 17:00,4.3
04/12/06 18:00,0.3
04/12/06 19:00,0.0
04/12/06 20:00,0.0
04/12/06 21:00,0.0
04/12/06 22:00,0.0
04/12/06 23:00,0.0
04/13/06 00:00,0.0
04/13/06 01:00,0.0
04/13/06 02:00,0.0
04/13/06 03:00,0.0
04/13/06 04:00,0.0
04/13/06 05:00,0.0
04/13/06 06:00,0.0
04/13/06 07:00,3.5
04/13/06 08:00,10.2
04/13/06 09:00,17.1
04/13/06 10:00,20.3
04/13/06 11:00,23.7
04/13/06 12:00,25.7
04/13/06 13:00,19.0
04/13/06 14:00,10.9
04/13/06 15:00,12.6
04/13/06 16:00,8.6
04/13/06 17:00,4.6
04/13/06 18:00,0.2
04/13/06 19:00,0.0
04/13/06 20:00,0.0
04/13/06 21:00,0.0
04/13/06 22:00,0.0
04/13/06 23:00,0.0
04/14/06 00:00,0.0
04/14/06 01:00,0.0
04/14/06 02:00,0.0
04/14/06 03:00,0.0
04/14/06 04:00,0.0
04/14/06 05:00,0.0
04/14/06 06:00,0.0
04/14/06 07:00,0.1
04/14/06 08:00,3.8
04/14/06 09:00,9.3
04/14/06 10:00,12.3
04/14/06 11:00,16.5
04/14/06 12:00,17.9
04/14/06 13:00,18.7
04/14/06 14:00,15.0
04/14/06 15:00,13.4
04/14/06 16:00,13.5
04/14/06 17:00,6.3
04/14/06 18:00,0.5
04/14/06 19:00,0.0
04/14/06 20:00,0.0
04/14/06 21:00,0.0
04/14/06 22:00,0.0
04/14/06 23:00,0.0
04/15/06 00:00,0.0
04/15/06 01:00,0.0
04/15/06 02:00,0.0
04/15/06 03:00,0.0
04/15/06 04:00,0.0
04/15/06 05:00,0.0
04/15/06 06:00,0.0
04/15/06 07:00,4.7
04/15/06 08:00,12.3
04/15/06 09:00,18.7
04/15/06 10:00,22.5
04/15/06 11:00,24.5
04/15/06 12:00,25.5
04/15/06 13:00,24.4
04/15/06 14:00,22.0
04/15/06 15:00,17.7
04/15/06 16:00,12.8
04/15/06 17:00,7.0
04/15/06 18:00,0.6
04/15/06 19:00,0.0
04/15/06 20:00,0.0
04/15/06 21:00,0.0
04/15/06 22:00,0.0
04/15/06 23:00,0.0
04/16/06 00:00,0.0
04/16/06 01:00,0.0
04/16/06 02:00,0.0
04/16/06 03:00,0.0
04/16/06 04:00,0.0
04/16/06 05:00,0.0
04/16/06 06:00,0.0
04/16/06 07:00,0.5
04/16/06 08:00,0.8
04/16/06 09:00,4.6
04/16/06 10:00,3.1
04/16/06 11:00,4.8
04/16/06 12:00,13.2
04/16/06 13:00,6.1
04/16/06 14:00,7.1
04/16/06 15:00,3.5
04/16/06 16:00,9.2
04/16/06 17:00,7.1
04/16/06 18:00,0.5
04/16/06 19:00,0.0
04/16/06 20:00,0.0
04/16/06 21:00,0.0
04/16/06 22:00,0.0
04/16/06 23:00,0.0
04/17/06 00:00,0.0
04/17/06 01:00,0.0
04/17/06 02:00,0.0
04/17/06 03:00,0.0
04/17/06 04:00,0.0
04/17/06 05:00,0.0
04/17/06 06:00,0.0
04/17/06 07:00,4.7
04/17/06 08:00,12.2
04/17/06 09:00,17.4
04/17/06 10:00,20.9
04/17/06 11:00,23.0
04/17/06 12:00,23.3
04/17/06 13:00,23.6
04/17/06 14:00,20.6
04/17/06 15:00,17.5
04/17/06 16:00,12.5
04/17/06 17:00,7.1
04/17/06 18:00,0.7
04/17/06 19:00,0.0
04/17/06 20:00,0.0
04/17/06 21:00,0.0
04/17/06 22:00,0.0
04/17/06 23:00,0.0
04/18/06 00:00,0.0
04/18/06 01:00,0.0
04/18/06 02:00,0.0
04/18/06 03:00,0.0
04/18/06 04:00,0.0
04/18/06 05:00,0.0
04/18/06 06:00,0.0
04/18/06 07:00,4.5
04/18/06 08:00,12.0
04/18/06 09:00,18.3
04/18/06 10:00,22.6
04/18/06 11:00,23.7
04/18/06 12:00,23.7
04/18/06 13:00,23.6
04/18/06 14:00,21.1
04/18/06 15:00,17.7
04/18/06 16:00,13.4
04/18/06 17:00,6.9
04/18/06 18:00,0.8
04/18/06 19:00,0.0
04/18/06 20:00,0.0
04/18/06 21:00,0.0
04/18/06 22:00,0.0
04/18/06 23:00,0.0
04/19/06 00:00,0.0
04/19/06 01:00,0.0
04/19/06 02:00,0.0
04/19/06 03:00,0.0
04/19/06 04:00,0.0
04/19/06 05:00,0.0
04/19/06 06:00,0.0
04/19/06 07:00,4.7
04/19/06 08:00,12.8
04/19/06 09:00,18.2
04/19/06 10:00,22.0
04/19/06 11:00,21.1
04/19/06 12:00,26.0
04/19/06 13:00,16.5
04/19/06 14:00,19.3
04/19/06 15:00,14.1
04/19/06 16:00,11.0
04/19/06 17:00,6.9
04/19/06 18:00,0.8
04/19/06 19:00,0.0
04/19/06 20:00,0.0
04/19/06 21:00,0.0
04/19/06 22:00,0.0
04/19/06 23:00,0.0
04/20/06 00:00,0.0
04/20/06 01:00,0.0
04/20/06 02:00,0.0
04/20/06 03:00,0.0
04/20/06 04:00,0.0
04/20/06 05:00,0.0
04/20/06 06:00,0.0
04/20/06 07:00,4.7
04/20/06 08:00,11.8
04/20/06 09:00,17.6
04/20/06 10:00,20.5
04/20/06 11:00,20.5
04/20/06 12:00,21.2
04/20/06 13:00,18.2
04/20/06 14:00,16.4
04/20/06 15:00,9.1
04/20/06 16:00,7.0
04/20/06 17:00,4.9
04/20/06 18:00,0.6
04/20/06 19:00,0.0
04/20/06 20:00,0.0
04/20/06 21:00,0.0
04/20/06 22:00,0.0
04/20/06 23:00,0.0
04/21/06 00:00,0.0
04/21/06 01:00,0.0
04/21/06 02:00,0.0
04/21/06 03:00,0.0
04/21/06 04:00,0.0
04/21/06 05:00,0.0
04/21/06 06:00,0.0
04/21/06 07:00,0.2
04/21/06 08:00,6.8
04/21/06 09:00,11.3
04/21/06 10:00,14.5
04/21/06 11:00,17.5
04/21/06 12:00,16.2
04/21/06 13:00,16.8
04/21/06 14:00,15.3
04/21/06 15:00,12.6
04/21/06 16:00,8.9
04/21/06 17:00,5.1
04/21/06 18:00,0.3
04/21/06 19:00,0.0
04/21/06 20:00,0.0
04/21/06 21:00,0.0
04/21/06 22:00,0.0
04/21/06 23:00,0.0
04/22/06 00:00,0.0
04/22/06 01:00,0.0
04/22/06 02:00,0.0
04/22/06 03:00,0.0
04/22/06 04:00,0.0
04/22/06 05:00,0.0
04/22/06 06:00,0.0
04/22/06 07:00,4.4
04/22/06 08:00,11.4
04/22/06 09:00,19.0
04/22/06 10:00,22.9
04/22/06 11:00,22.6
04/22/06 12:00,25.1
04/22/06 13:00,16.0
04/22/06 14:00,14.0
04/22/06 15:00,11.1
04/22/06 16:00,8.9
04/22/06 17:00,3.9
04/22/06 18:00,0.3
04/22/06 19:00,0.0
04/22/06 20:00,0.0
04/22/06 21:00,0.0
04/22/06 22:00,0.0
04/22/06 23:00,0.0
04/23/06 00:00,0.0
04/23/06 01:00,0.0
04/23/06 02:00,0.0
04/23/06 03:00,0.0
04/23/06 04:00,0.0
04/23/06 05:00,0.0
04/23/06 06:00,0.0
04/23/06 07:00,5.5
04/23/06 08:00,10.5
04/23/06 09:00,14.0
04/23/06 10:00,16.7
04/23/06 11:00,16.6
04/23/06 12:00,5.3
04/23/06 13:00,11.6
04/23/06 14:00,14.7
04/23/06 15:00,13.0
04/23/06 16:00,8.0
04/23/06 17:00,5.1
04/23/06 18:00,0.9
04/23/06 19:00,0.0
04/23/06 20:00,0.0
04/23/06 21:00,0.0
04/23/06 22:00,0.0
04/23/06 23:00,0.0
04/24/06 00:00,0.0
04/24/06 01:00,0.0
04/24/06 02:00,0.0
04/24/06 03:00,0.0
04/24/06 04:00,0.0
04/24/06 05:00,0.0
04/24/06 06:00,0.0
04/24/06 07:00,4.6
04/24/06 08:00,10.4
04/24/06 09:00,13.7
04/24/06 10:00,16.3
04/24/06 11:00,20.0
04/24/06 12:00,17.1
04/24/06 13:00,19.1
04/24/06 14:00,16.4
04/24/06 15:00,15.3
04/24/06 16:00,13.9
04/24/06 17:00,7.8
04/24/06 18:00,1.0
04/24/06 19:00,0.0
04/24/06 20:00,0.0
04/24/06 21:00,0.0
04/24/06 22:00,0.0
04/24/06 23:00,0.0
04/25/06 00:00,0.0
04/25/06 01:00,0.0
04/25/06 02:00,0.0
04/25/06 03:00,0.0
04/25/06 04:00,0.0
04/25/06 05:00,0.0
04/25/06 06:00,0.0
04/25/06 07:00,0.7
04/25/06 08:00,5.0
04/25/06 09:00,8.5
04/25/06 10:00,14.7
04/25/06 11:00,15.6
04/25/06 12:00,19.1
04/25/06 13:00,16.9
04/25/06 14:00,15.3
04/25/06 15:00,14.0
04/25/06 16:00,12.3
04/25/06 17:00,6.9
04/25/06 18:00,1.1
04/25/06 19:00,0.0
04/25/06 20:00,0.0
04/25/06 21:00,0.0
04/25/06 22:00,0.0
04/25/06 23:00,0.0
04/26/06 00:00,0.0
04/26/06 01:00,0.0
04/26/06 02:00,0.0
04/26/06 03:00,0.0
04/26/06 04:00,0.0
04/26/06 05:00,0.0
04/26/06 06:00,0.0
04/26/06 07:00,5.7
04/26/06 08:00,14.1
04/26/06 09:00,19.9
04/26/06 10:00,24.1
04/26/06 11:00,26.5
04/26/06 12:00,27.3
04/26/06 13:00,26.2
04/26/06 14:00,24.0
04/26/06 15:00,19.4
04/26/06 16:00,14.1
04/26/06 17:00,7.8
04/26/06 18:00,1.4
04/26/06 19:00,0.0
04/26/06 20:00,0.0
04/26/06 21:00,0.0
04/26/06 22:00,0.0
04/26/06 23:00,0.0
04/27/06 00:00,0.0
04/27/06 01:00,0.0
04/27/06 02:00,0.0
04/27/06 03:00,0.0
04/27/06 04:00,0.0
04/27/06 05:00,0.0
04/27/06 06:00,0.0
04/27/06 07:00,5.3
04/27/06 08:00,13.8
04/27/06 09:00,14.8
04/27/06 10:00,18.0
04/27/06 11:00,21.4
04/27/06 12:00,19.9
04/27/06 13:00,26.2
04/27/06 14:00,22.8
04/27/06 15:00,19.5
04/27/06 16:00,14.4
04/27/06 17:00,8.0
04/27/06 18:00,1.4
04/27/06 19:00,0.0
04/27/06 20:00,0.0
04/27/06 21:00,0.0
04/27/06 22:00,0.0
04/27/06 23:00,0.0
04/28/06 00:00,0.0
04/28/06 01:00,0.0
04/28/06 02:00,0.0
04/28/06 03:00,0.0
04/28/06 04:00,0.0
04/28/06 05:00,0.0
04/28/06 06:00,0.0
04/28/06 07:00,6.5
04/28/06 08:00,13.7
04/28/06 09:00,18.4
04/28/06 10:00,21.9
04/28/06 11:00,24.3
04/28/06 12:00,24.5
04/28/06 13:00,23.3
04/28/06 14:00,21.3
04/28/06 15:00,17.8
04/28/06 16:00,13.0
04/28/06 17:00,7.6
04/28/06 18:00,1.5
04/28/06 19:00,0.0
04/28/06 20:00,0.0
04/28/06 21:00,0.0
04/28/06 22:00,0.0
04/28/06 23:00,0.0
04/29/06 00:00,0.0
04/29/06 01:00,0.0
04/29/06 02:00,0.0
04/29/06 03:00,0.0
04/29/06 04:00,0.0
04/29/06 05:00,0.0
04/29/06 06:00,0.0
04/29/06 07:00,5.0
04/29/06 08:00,12.4
04/29/06 09:00,17.6
04/29/06 10:00,19.7
04/29/06 11:00,20.6
04/29/06 12:00,25.1
04/29/06 13:00,21.2
04/29/06 14:00,17.3
04/29/06 15:00,12.2
04/29/06 16:00,8.5
04/29/06 17:00,4.9
04/29/06 18:00,1.6
04/29/06 19:00,0.0
04/29/06 20:00,0.0
04/29/06 21:00,0.0
04/29/06 22:00,0.0
04/29/06 23:00,0.0
04/30/06 00:00,0.0
04/30/06 01:00,0.0
04/30/06 02:00,0.0
04/30/06 03:00,0.0
04/30/06 04:00,0.0
04/30/06 05:00,0.0
04/30/06 06:00,0.0
04/30/06 07:00,0.5
04/30/06 08:00,2.0
04/30/06 09:00,3.8
04/30/06 10:00,6.4
04/30/06 11:00,0.0
04/30/06 12:00,8.6
04/30/06 13:00,9.1
04/30/06 14:00,16.6
04/30/06 15:00,12.9
04/30/06 16:00,7.1
04/30/06 17:00,3.2
04/30/06 18:00,0.9
04/30/06 19:00,0.0
04/30/06 20:00,0.0
04/30/06 21:00,0.0
04/30/06 22:00,0.0
04/30/06 23:00,0.0
05/01/06 00:00,0.0
05/01/06 01:00,0.0
05/01/06 02:00,0.0
05/01/06 03:00,0.0
05/01/06 04:00,0.0
05/01/06 05:00,0.0
05/01/06 06:00,0.0
05/01/06 07:00,2.0
05/01/06 08:00,9.4
05/01/06 09:00,13.4
05/01/06 10:00,17.8
05/01/06 11:00,18.4
05/01/06 12:00,18.1
05/01/06 13:00,19.5
05/01/06 14:00,19.6
05/01/06 15:00,12.8
05/01/06 16:00,7.9
05/01/06 17:00,4.0
05/01/06 18:00,1.1
05/01/06 19:00,0.0
05/01/06 20:00,0.0
05/01/06 21:00,0.0
05/01/06 22:00,0.0
05/01/06 23:00,0.0
05/02/06 00:00,0.0
05/02/06 01:00,0.0
05/02/06 02:00,0.0
05/02/06 03:00,0.0
05/02/06 04:00,0.0
05/02/06 05:00,0.0
05/02/06 06:00,0.0
05/02/06 07:00,3.4
05/02/06 08:00,4.9
05/02/06 09:00,8.6
05/02/06 10:00,7.2
05/02/06 11:00,5.6
05/02/06 12:00,2.3
05/02/06 13:00,8.1
05/02/06 14:00,12.1
05/02/06 15:00,7.2
05/02/06 16:00,5.2
05/02/06 17:00,4.4
05/02/06 18:00,0.1
05/02/06 19:00,0.0
05/02/06 20:00,0.0
05/02/06 21:00,0.0
05/02/06 22:00,0.0
05/02/06 23:00,0.0
05/03/06 00:00,0.0
05/03/06 01:00,0.0
05/03/06 02:00,0.0
05/03/06 03:00,0.0
05/03/06 04:00,0.0
05/03/06 05:00,0.0
05/03/06 06:00,0.0
05/03/06 07:00,4.0
05/03/06 08:00,12.6
05/03/06 09:00,19.0
05/03/06 10:00,20.8
05/03/06 11:00,24.5
05/03/06 12:00,25.7
05/03/06 13:00,23.7
05/03/06 14:00,21.4
05/03/06 15:00,16.8
05/03/06 16:00,12.9
05/03/06 17:00,4.8
05/03/06 18:00,1.6
05/03/06 19:00,0.0
05/03/06 20:00,0.0
05/03/06 21:00,0.0
05/03/06 22:00,0.0
05/03/06 23:00,0.0
05/04/06 00:00,0.0
05/04/06 01:00,0.0
05/04/06 02:00,0.0
05/04/06 03:00,0.0
05/04/06 04:00,0.0
05/04/06 05:00,0.0
05/04/06 06:00,0.0
05/04/06 07:00,1.9
05/04/06 08:00,2.7
05/04/06 09:00,12.1
05/04/06 10:00,8.8
05/04/06 11:00,23.0
05/04/06 12:00,24.6
05/04/06 13:00,23.1
05/04/06 14:00,19.9
05/04/06 15:00,16.9
05/04/06 16:00,12.4
05/04/06 17:00,7.4
05/04/06 18:00,1.8
05/04/06 19:00,0.0
05/04/06 20:00,0.0
05/04/06 21:00,0.0
05/04/06 22:00,0.0
05/04/06 23:00,0.0
05/05/06 00:00,0.0
05/05/06 01:00,0.0
05/05/06 02:00,0.0
05/05/06 03:00,0.0
05/05/06 04:00,0.0
05/05/06 05:00,0.0
05/05/06 06:00,0.0
05/05/06 07:00,4.8
05/05/06 08:00,4.6
05/05/06 09:00,9.2
05/05/06 10:00,11.4
05/05/06 11:00,8.6
05/05/06 12:00,14.5
05/05/06 13:00,14.8
05/05/06 14:00,14.5
05/05/06 15:00,10.0
05/05/06 16:00,10.2
05/05/06 17:00,5.0
05/05/06 18:00,2.1
05/05/06 19:00,0.0
05/05/06 20:00,0.0
05/05/06 21:00,0.0
05/05/06 22:00,0.0
05/05/06 23:00,0.0
05/06/06 00:00,0.0
05/06/06 01:00,0.0
05/06/06 02:00,0.0
05/06/06 03:00,0.0
05/06/06 04:00,0.0
05/06/06 05:00,0.0
05/06/06 06:00,0.0
05/06/06 07:00,7.2
05/06/06 08:00,14.2
05/06/06 09:00,19.2
05/06/06 10:00,21.3
05/06/06 11:00,23.3
05/06/06 12:00,23.3
05/06/06 13:00,22.3
05/06/06 14:00,19.9
05/06/06 15:00,16.6
05/06/06 16:00,12.8
05/06/06 17:00,7.9
05/06/06 18:00,2.4
05/06/06 19:00,0.0
05/06/06 20:00,0.0
05/06/06 21:00,0.0
05/06/06 22:00,0.0
05/06/06 23:00,0.0
05/07/06 00:00,0.0
05/07/06 01:00,0.0
05/07/06 02:00,0.0
05/07/06 03:00,0.0
05/07/06 04:00,0.0
05/07/06 05:00,0.0
05/07/06 06:00,0.0
05/07/06 07:00,6.6
05/07/06 08:00,14.3
05/07/06 09:00,19.5
05/07/06 10:00,23.1
05/07/06 11:00,25.0
05/07/06 12:00,25.3
05/07/06 13:00,24.7
05/07/06 14:00,22.0
05/07/06 15:00,17.9
05/07/06 16:00,13.1
05/07/06 17:00,8.0
05/07/06 18:00,2.5
05/07/06 19:00,0.0
05/07/06 20:00,0.0
05/07/06 21:00,0.0
05/07/06 22:00,0.0
05/07/06 23:00,0.0
05/08/06 00:00,0.0
05/08/06 01:00,0.0
05/08/06 02:00,0.0
05/08/06 03:00,0.0
05/08/06 04:00,0.0
05/08/06 05:00,0.0
05/08/06 06:00,0.0
05/08/06 07:00,6.6
05/08/06 08:00,13.2
05/08/06 09:00,19.0
05/08/06 10:00,22.4
05/08/06 11:00,22.4
05/08/06 12:00,24.4
05/08/06 13:00,24.3
05/08/06 14:00,20.4
05/08/06 15:00,18.1
05/08/06 16:00,13.5
05/08/06 17:00,7.2
05/08/06 18:00,2.5
05/08/06 19:00,0.0
05/08/06 20:00,0.0
05/08/06 21:00,0.0
05/08/06 22:00,0.0
05/08/06 23:00,0.0
05/09/06 00:00,0.0
05/09/06 01:00,0.0
05/09/06 02:00,0.0
05/09/06 03:00,0.0
05/09/06 04:00,0.0
05/09/06 05:00,0.0
05/09/06 06:00,0.0
05/09/06 07:00,6.4
05/09/06 08:00,13.4
05/09/06 09:00,19.5
05/09/06 10:00,22.8
05/09/06 11:00,24.7
05/09/06 12:00,21.1
05/09/06 13:00,23.0
05/09/06 14:00,22.1
05/09/06 15:00,17.5
05/09/06 16:00,10.3
05/09/06 17:00,5.4
05/09/06 18:00,1.9
05/09/06 19:00,0.0
05/09/06 20:00,0.0
05/09/06 21:00,0.0
05/09/06 22:00,0.0
05/09/06 23:00,0.0
05/10/06 00:00,0.0
05/10/06 01:00,0.0
05/10/06 02:00,0.0
05/10/06 03:00,0.0
05/10/06 04:00,0.0
05/10/06 05:00,0.0
05/10/06 06:00,0.1
05/10/06 07:00,5.5
05/10/06 08:00,10.1
05/10/06 09:00,13.8
05/10/06 10:00,18.7
05/10/06 11:00,18.1
05/10/06 12:00,16.7
05/10/06 13:00,15.2
05/10/06 14:00,14.8
05/10/06 15:00,12.7
05/10/06 16:00,8.2
05/10/06 17:00,5.3
05/10/06 18:00,1.7
05/10/06 19:00,0.0
05/10/06 20:00,0.0
05/10/06 21:00,0.0
05/10/06 22:00,0.0
05/10/06 23:00,0.0
05/11/06 00:00,0.0
05/11/06 01:00,0.0
05/11/06 02:00,0.0
05/11/06 03:00,0.0
05/11/06 04:00,0.0
05/11/06 05:00,0.0
05/11/06 06:00,0.0
05/11/06 07:00,0.0
05/11/06 08:00,0.1
05/11/06 09:00,8.3
05/11/06 10:00,14.6
05/11/06 11:00,9.0
05/11/06 12:00,17.5
05/11/06 13:00,13.6
05/11/06 14:00,13.4
05/11/06 15:00,7.8
05/11/06 16:00,8.1
05/11/06 17:00,5.2
05/11/06 18:00,2.0
05/11/06 19:00,0.0
05/11/06 20:00,0.0
05/11/06 21:00,0.0
05/11/06 22:00,0.0
05/11/06 23:00,0.0
05/12/06 00:00,0.0
05/12/06 01:00,0.0
05/12/06 02:00,0.0
05/12/06 03:00,0.0
05/12/06 04:00,0.0
05/12/06 05:00,0.0
05/12/06 06:00,0.0
05/12/06 07:00,0.1
05/12/06 08:00,7.6
05/12/06 09:00,11.1
05/12/06 10:00,14.2
05/12/06 11:00,15.7
05/12/06 12:00,17.2
05/12/06 13:00,10.0
05/12/06 14:00,9.8
05/12/06 15:00,11.9
05/12/06 16:00,9.8
05/12/06 17:00,5.8
05/12/06 18:00,1.9
05/12/06 19:00,0.0
05/12/06 20:00,0.0
05/12/06 21:00,0.0
05/12/06 22:00,0.0
05/12/06 23:00,0.0
05/13/06 00:00,0.0
05/13/06 01:00,0.0
05/13/06 02:00,0.0
05/13/06 03:00,0.0
05/13/06 04:00,0.0
05/13/06 05:00,0.0
05/13/06 06:00,0.0
05/13/06 07:00,3.6
05/13/06 08:00,2.0
05/13/06 09:00,4.9
05/13/06 10:00,9.5
05/13/06 11:00,14.2
05/13/06 12:00,9.8
05/13/06 13:00,17.7
05/13/06 14:00,11.1
05/13/06 15:00,12.8
05/13/06 16:00,10.0
05/13/06 17:00,4.7
05/13/06 18:00,2.5
05/13/06 19:00,0.0
05/13/06 20:00,0.0
05/13/06 21:00,0.0
05/13/06 22:00,0.0
05/13/06 23:00,0.0
05/14/06 00:00,0.0
05/14/06 01:00,0.0
05/14/06 02:00,0.0
05/14/06 03:00,0.0
05/14/06 04:00,0.0
05/14/06 05:00,0.0
05/14/06 06:00,0.0
05/14/06 07:00,2.5
05/14/06 08:00,6.4
05/14/06 09:00,6.7
05/14/06 10:00,18.4
05/14/06 11:00,17.2
05/14/06 12:00,16.4
05/14/06 13:00,16.2
05/14/06 14:00,15.0
05/14/06 15:00,12.9
05/14/06 16:00,10.2
05/14/06 17:00,4.7
05/14/06 18:00,0.0
05/14/06 19:00,0.0
05/14/06 20:00,0.0
05/14/06 21:00,0.0
05/14/06 22:00,0.0
05/14/06 23:00,0.0
05/15/06 00:00,0.0
05/15/06 01:00,0.0
05/15/06 02:00,0.0
05/15/06 03:00,0.0
05/15/06 04:00,0.0
05/15/06 05:00,0.0
05/15/06 06:00,0.0
05/15/06 07:00,0.3
05/15/06 08:00,0.6
05/15/06 09:00,9.5
05/15/06 10:00,10.8
05/15/06 11:00,17.1
05/15/06 12:00,13.6
05/15/06 13:00,17.6
05/15/06 14:00,15.1
05/15/06 15:00,8.4
05/15/06 16:00,4.7
05/15/06 17:00,5.2
05/15/06 18:00,2.5
05/15/06 19:00,0.0
05/15/06 20:00,0.0
05/15/06 21:00,0.0
05/15/06 22:00,0.0
05/15/06 23:00,0.0
05/16/06 00:00,0.0
05/16/06 01:00,0.0
05/16/06 02:00,0.0
05/16/06 03:00,0.0
05/16/06 04:00,0.0
05/16/06 05:00,0.0
05/16/06 06:00,0.0
05/16/06 07:00,0.9
05/16/06 08:00,5.5
05/16/06 09:00,8.2
05/16/06 10:00,9.3
05/16/06 11:00,14.2
05/16/06 12:00,17.7
05/16/06 13:00,12.2
05/16/06 14:00,14.8
05/16/06 15:00,11.2
05/16/06 16:00,9.4
05/16/06 17:00,6.6
05/16/06 18:00,3.0
05/16/06 19:00,0.0
05/16/06 20:00,0.0
05/16/06 21:00,0.0
05/16/06 22:00,0.0
05/16/06 23:00,0.0
05/17/06 00:00,0.0
05/17/06 01:00,0.0
05/17/06 02:00,0.0
05/17/06 03:00,0.0
05/17/06 04:00,0.0
05/17/06 05:00,0.0
05/17/06 06:00,0.0
05/17/06 07:00,1.5
05/17/06 08:00,10.0
05/17/06 09:00,17.7
05/17/06 10:00,16.3
05/17/06 11:00,20.1
05/17/06 12:00,20.2
05/17/06 13:00,19.6
05/17/06 14:00,20.6
05/17/06 15:00,17.9
05/17/06 16:00,10.0
05/17/06 17:00,5.4
05/17/06 18:00,3.4
05/17/06 19:00,0.0
05/17/06 20:00,0.0
05/17/06 21:00,0.0
05/17/06 22:00,0.0
05/17/06 23:00,0.0
05/18/06 00:00,0.0
05/18/06 01:00,0.0
05/18/06 02:00,0.0
05/18/06 03:00,0.0
05/18/06 04:00,0.0
05/18/06 05:00,0.0
05/18/06 06:00,0.0
05/18/06 07:00,0.0
05/18/06 08:00,0.0
05/18/06 09:00,0.4
05/18/06 10:00,1.2
05/18/06 11:00,3.4
05/18/06 12:00,9.9
05/18/06 13:00,12.3
05/18/06 14:00,7.0
05/18/06 15:00,5.7
05/18/06 16:00,3.6
05/18/06 17:00,1.2
05/18/06 18:00,0.1
05/18/06 19:00,0.0
05/18/06 20:00,0.0
05/18/06 21:00,0.0
05/18/06 22:00,0.0
05/18/06 23:00,0.0
05/19/06 00:00,0.0
05/19/06 01:00,0.0
05/19/06 02:00,0.0
05/19/06 03:00,0.0
05/19/06 04:00,0.0
05/19/06 05:00,0.0
05/19/06 06:00,0.0
05/19/06 07:00,0.0
05/19/06 08:00,0.3
05/19/06 09:00,0.9
05/19/06 10:00,4.4
05/19/06 11:00,9.8
05/19/06 12:00,10.6
05/19/06 13:00,11.0
05/19/06 14:00,7.0
05/19/06 15:00,9.9
05/19/06 16:00,10.3
05/19/06 17:00,5.9
05/19/06 18:00,3.6
05/19/06 19:00,0.0
05/19/06 20:00,0.0
05/19/06 21:00,0.0
05/19/06 22:00,0.0
05/19/06 23:00,0.0
05/20/06 00:00,0.0
05/20/06 01:00,0.0
05/20/06 02:00,0.0
05/20/06 03:00,0.0
05/20/06 04:00,0.0
05/20/06 05:00,0.0
05/20/06 06:00,0.2
05/20/06 07:00,7.5
05/20/06 08:00,15.1
05/20/06 09:00,20.2
05/20/06 10:00,23.3
05/20/06 11:00,25.9
05/20/06 12:00,25.4
05/20/06 13:00,21.7
05/20/06 14:00,23.2
05/20/06 15:00,16.2
05/20/06 16:00,11.4
05/20/06 17:00,9.1
05/20/06 18:00,3.2
05/20/06 19:00,0.0
05/20/06 20:00,0.0
05/20/06 21:00,0.0
05/20/06 22:00,0.0
05/20/06 23:00,0.0
05/21/06 00:00,0.0
05/21/06 01:00,0.0
05/21/06 02:00,0.0
05/21/06 03:00,0.0
05/21/06 04:00,0.0
05/21/06 05:00,0.0
05/21/06 06:00,0.3
05/21/06 07:00,8.6
05/21/06 08:00,12.1
05/21/06 09:00,16.5
05/21/06 10:00,19.2
05/21/06 11:00,19.8
05/21/06 12:00,20.3
05/21/06 13:00,17.3
05/21/06 14:00,14.6
05/21/06 15:00,12.5
05/21/06 16:00,14.1
05/21/06 17:00,7.7
05/21/06 18:00,3.3
05/21/06 19:00,0.0
05/21/06 20:00,0.0
05/21/06 21:00,0.0
05/21/06 22:00,0.0
05/21/06 23:00,0.0
05/22/06 00:00,0.0
05/22/06 01:00,0.0
05/22/06 02:00,0.0
05/22/06 03:00,0.0
05/22/06 04:00,0.0
05/22/06 05:00,0.0
05/22/06 06:00,0.3
05/22/06 07:00,8.7
05/22/06 08:00,14.9
05/22/06 09:00,20.2
05/22/06 10:00,22.4
05/22/06 11:00,25.3
05/22/06 12:00,25.4
05/22/06 13:00,24.4
05/22/06 14:00,21.9
05/22/06 15:00,18.1
05/22/06 16:00,13.9
05/22/06 17:00,9.2
05/22/06 18:00,3.6
05/22/06 19:00,0.0
05/22/06 20:00,0.0
05/22/06 21:00,0.0
05/22/06 22:00,0.0
05/22/06 23:00,0.0
05/23/06 00:00,0.0
05/23/06 01:00,0.0
05/23/06 02:00,0.0
05/23/06 03:00,0.0
05/23/06 04:00,0.0
05/23/06 05:00,0.0
05/23/06 06:00,0.3
05/23/06 07:00,7.1
05/23/06 08:00,14.5
05/23/06 09:00,19.6
05/23/06 10:00,22.8
05/23/06 11:00,24.1
05/23/06 12:00,25.2
05/23/06 13:00,24.2
05/23/06 14:00,22.1
05/23/06 15:00,18.3
05/23/06 16:00,14.1
05/23/06 17:00,8.8
05/23/06 18:00,3.2
05/23/06 19:00,0.0
05/23/06 20:00,0.0
05/23/06 21:00,0.0
05/23/06 22:00,0.0
05/23/06 23:00,0.0
05/24/06 00:00,0.0
05/24/06 01:00,0.0
05/24/06 02:00,0.0
05/24/06 03:00,0.0
05/24/06 04:00,0.0
05/24/06 05:00,0.0
05/24/06 06:00,0.3
05/24/06 07:00,6.7
05/24/06 08:00,13.4
05/24/06 09:00,16.4
05/24/06 10:00,22.8
05/24/06 11:00,21.1
05/24/06 12:00,23.8
05/24/06 13:00,23.3
05/24/06 14:00,15.2
05/24/06 15:00,13.1
05/24/06 16:00,9.1
05/24/06 17:00,5.5
05/24/06 18:00,0.3
05/24/06 19:00,0.0
05/24/06 20:00,0.0
05/24/06 21:00,0.0
05/24/06 22:00,0.0
05/24/06 23:00,0.0
05/25/06 00:00,0.0
05/25/06 01:00,0.0
05/25/06 02:00,0.0
05/25/06 03:00,0.0
05/25/06 04:00,0.0
05/25/06 05:00,0.0
05/25/06 06:00,0.0
05/25/06 07:00,0.7
05/25/06 08:00,2.1
05/25/06 09:00,6.3
05/25/06 10:00,19.0
05/25/06 11:00,16.2
05/25/06 12:00,21.4
05/25/06 13:00,19.3
05/25/06 14:00,22.1
05/25/06 15:00,19.0
05/25/06 16:00,10.8
05/25/06 17:00,4.9
05/25/06 18:00,2.1
05/25/06 19:00,0.0
05/25/06 20:00,0.0
05/25/06 21:00,0.0
05/25/06 22:00,0.0
05/25/06 23:00,0.0
05/26/06 00:00,0.0
05/26/06 01:00,0.0
05/26/06 02:00,0.0
05/26/06 03:00,0.0
05/26/06 04:00,0.0
05/26/06 05:00,0.0
05/26/06 06:00,0.3
05/26/06 07:00,5.5
05/26/06 08:00,6.8
05/26/06 09:00,11.9
05/26/06 10:00,9.0
05/26/06 11:00,16.2
05/26/06 12:00,17.1
05/26/06 13:00,17.1
05/26/06 14:00,15.2
05/26/06 15:00,13.8
05/26/06 16:00,10.4
05/26/06 17:00,8.5
05/26/06 18:00,3.0
05/26/06 19:00,0.0
05/26/06 20:00,0.0
05/26/06 21:00,0.0
05/26/06 22:00,0.0
05/26/06 23:00,0.0
05/27/06 00:00,0.0
05/27/06 01:00,0.0
05/27/06 02:00,0.0
05/27/06 03:00,0.0
05/27/06 04:00,0.0
05/27/06 05:00,0.0
05/27/06 06:00,0.0
05/27/06 07:00,2.4
05/27/06 08:00,5.3
05/27/06 09:00,10.4
05/27/06 10:00,18.8
05/27/06 11:00,22.7
05/27/06 12:00,21.0
05/27/06 13:00,18.5
05/27/06 14:00,15.2
05/27/06 15:00,14.7
05/27/06 16:00,9.7
05/27/06 17:00,6.6
05/27/06 18:00,3.3
05/27/06 19:00,0.0
05/27/06 20:00,0.0
05/27/06 21:00,0.0
05/27/06 22:00,0.0
05/27/06 23:00,0.0
05/28/06 00:00,0.0
05/28/06 01:00,0.0
05/28/06 02:00,0.0
05/28/06 03:00,0.0
05/28/06 04:00,0.0
05/28/06 05:00,0.0
05/28/06 06:00,0.1
05/28/06 07:00,5.4
05/28/06 08:00,9.8
05/28/06 09:00,9.0
05/28/06 10:00,12.7
05/28/06 11:00,20.6
05/28/06 12:00,18.2
05/28/06 13:00,23.8
05/28/06 14:00,19.0
05/28/06 15:00,18.0
05/28/06 16:00,11.5
05/28/06 17:00,8.8
05/28/06 18:00,3.3
05/28/06 19:00,0.0
05/28/06 20:00,0.0
05/28/06 21:00,0.0
05/28/06 22:00,0.0
05/28/06 23:00,0.0
05/29/06 00:00,0.0
05/29/06 01:00,0.0
05/29/06 02:00,0.0
05/29/06 03:00,0.0
05/29/06 04:00,0.0
05/29/06 05:00,0.0
05/29/06 06:00,0.3
05/29/06 07:00,6.3
05/29/06 08:00,11.3
05/29/06 09:00,15.2
05/29/06 10:00,17.2
05/29/06 11:00,21.7
05/29/06 12:00,22.0
05/29/06 13:00,21.0
05/29/06 14:00,17.2
05/29/06 15:00,12.8
05/29/06 16:00,12.4
05/29/06 17:00,7.5
05/29/06 18:00,3.5
05/29/06 19:00,0.0
05/29/06 20:00,0.0
05/29/06 21:00,0.0
05/29/06 22:00,0.0
05/29/06 23:00,0.0
05/30/06 00:00,0.0
05/30/06 01:00,0.0
05/30/06 02:00,0.0
05/30/06 03:00,0.0
05/30/06 04:00,0.0
05/30/06 05:00,0.0
05/30/06 06:00,0.3
05/30/06 07:00,4.5
05/30/06 08:00,6.8
05/30/06 09:00,14.0
05/30/06 10:00,14.9
05/30/06 11:00,18.0
05/30/06 12:00,18.5
05/30/06 13:00,13.5
05/30/06 14:00,13.2
05/30/06 15:00,14.4
05/30/06 16:00,10.4
05/30/06 17:00,6.8
05/30/06 18:00,1.8
05/30/06 19:00,0.0
05/30/06 20:00,0.0
05/30/06 21:00,0.0
05/30/06 22:00,0.0
05/30/06 23:00,0.0
05/31/06 00:00,0.0
05/31/06 01:00,0.0
05/31/06 02:00,0.0
05/31/06 03:00,0.0
05/31/06 04:00,0.0
05/31/06 05:00,0.0
05/31/06 06:00,0.3
05/31/06 07:00,6.3
05/31/06 08:00,11.5
05/31/06 09:00,17.9
05/31/06 10:00,20.0
05/31/06 11:00,19.7
05/31/06 12:00,18.8
05/31/06 13:00,20.3
05/31/06 14:00,17.4
05/31/06 15:00,11.5
05/31/06 16:00,9.6
05/31/06 17:00,3.9
05/31/06 18:00,0.2
05/31/06 19:00,0.0
05/31/06 20:00,0.0
05/31/06 21:00,0.0
05/31/06 22:00,0.0
05/31/06 23:00,0.0
06/01/06 00:00,0.0
06/01/06 01:00,0.0
06/01/06 02:00,0.0
06/01/06 03:00,0.0
06/01/06 04:00,0.0
06/01/06 05:00,0.0
06/01/06 06:00,0.2
06/01/06 07:00,7.3
06/01/06 08:00,11.9
06/01/06 09:00,12.5
06/01/06 10:00,11.9
06/01/06 11:00,18.9
06/01/06 12:00,18.8
06/01/06 13:00,17.9
06/01/06 14:00,15.9
06/01/06 15:00,13.7
06/01/06 16:00,8.3
06/01/06 17:00,6.0
06/01/06 18:00,2.9
06/01/06 19:00,0.0
06/01/06 20:00,0.0
06/01/06 21:00,0.0
06/01/06 22:00,0.0
06/01/06 23:00,0.0
06/02/06 00:00,0.0
06/02/06 01:00,0.0
06/02/06 02:00,0.0
06/02/06 03:00,0.0
06/02/06 04:00,0.0
06/02/06 05:00,0.0
06/02/06 06:00,0.1
06/02/06 07:00,3.8
06/02/06 08:00,5.9
06/02/06 09:00,10.0
06/02/06 10:00,14.9
06/02/06 11:00,16.4
06/02/06 12:00,16.1
06/02/06 13:00,16.1
06/02/06 14:00,14.6
06/02/06 15:00,12.5
06/02/06 16:00,10.1
06/02/06 17:00,7.6
06/02/06 18:00,3.8
06/02/06 19:00,0.0
06/02/06 20:00,0.0
06/02/06 21:00,0.0
06/02/06 22:00,0.0
06/02/06 23:00,0.0
06/03/06 00:00,0.0
06/03/06 01:00,0.0
06/03/06 02:00,0.0
06/03/06 03:00,0.0
06/03/06 04:00,0.0
06/03/06 05:00,0.0
06/03/06 06:00,0.4
06/03/06 07:00,4.9
06/03/06 08:00,5.5
06/03/06 09:00,12.9
06/03/06 10:00,19.4
06/03/06 11:00,16.8
06/03/06 12:00,18.8
06/03/06 13:00,17.6
06/03/06 14:00,15.2
06/03/06 15:00,9.0
06/03/06 16:00,12.1
06/03/06 17:00,8.8
06/03/06 18:00,2.2
06/03/06 19:00,0.0
06/03/06 20:00,0.0
06/03/06 21:00,0.0
06/03/06 22:00,0.0
06/03/06 23:00,0.0
06/04/06 00:00,0.0
06/04/06 01:00,0.0
06/04/06 02:00,0.0
06/04/06 03:00,0.0
06/04/06 04:00,0.0
06/04/06 05:00,0.0
06/04/06 06:00,0.0
06/04/06 07:00,4.7
06/04/06 08:00,10.8
06/04/06 09:00,16.2
06/04/06 10:00,19.9
06/04/06 11:00,20.9
06/04/06 12:00,17.4
06/04/06 13:00,22.9
06/04/06 14:00,20.7
06/04/06 15:00,16.4
06/04/06 16:00,12.5
06/04/06 17:00,8.2
06/04/06 18:00,3.9
06/04/06 19:00,0.1
06/04/06 20:00,0.0
06/04/06 21:00,0.0
06/04/06 22:00,0.0
06/04/06 23:00,0.0
06/05/06 00:00,0.0
06/05/06 01:00,0.0
06/05/06 02:00,0.0
06/05/06 03:00,0.0
06/05/06 04:00,0.0
06/05/06 05:00,0.0
06/05/06 06:00,0.4
06/05/06 07:00,7.7
06/05/06 08:00,13.9
06/05/06 09:00,18.5
06/05/06 10:00,18.8
06/05/06 11:00,23.5
06/05/06 12:00,22.8
06/05/06 13:00,21.0
06/05/06 14:00,20.0
06/05/06 15:00,17.1
06/05/06 16:00,13.1
06/05/06 17:00,8.3
06/05/06 18:00,3.9
06/05/06 19:00,0.0
06/05/06 20:00,0.0
06/05/06 21:00,0.0
06/05/06 22:00,0.0
06/05/06 23:00,0.0
06/06/06 00:00,0.0
06/06/06 01:00,0.0
06/06/06 02:00,0.0
06/06/06 03:00,0.0
06/06/06 04:00,0.0
06/06/06 05:00,0.0
06/06/06 06:00,0.4
06/06/06 07:00,7.1
06/06/06 08:00,12.3
06/06/06 09:00,17.6
06/06/06 10:00,20.8
06/06/06 11:00,22.6
06/06/06 12:00,22.5
06/06/06 13:00,21.5
06/06/06 14:00,17.7
06/06/06 15:00,16.8
06/06/06 16:00,8.8
06/06/06 17:00,5.9
06/06/06 18:00,2.3
06/06/06 19:00,0.0
06/06/06 20:00,0.0
06/06/06 21:00,0.0
06/06/06 22:00,0.0
06/06/06 23:00,0.0
06/07/06 00:00,0.0
06/07/06 01:00,0.0
06/07/06 02:00,0.0
06/07/06 03:00,0.0
06/07/06 04:00,0.0
06/07/06 05:00,0.0
06/07/06 06:00,0.0
06/07/06 07:00,0.1
06/07/06 08:00,0.0
06/07/06 09:00,6.8
06/07/06 10:00,12.2
06/07/06 11:00,7.4
06/07/06 12:00,5.8
06/07/06 13:00,16.2
06/07/06 14:00,15.1
06/07/06 15:00,13.3
06/07/06 16:00,10.6
06/07/06 17:00,6.0
06/07/06 18:00,2.6
06/07/06 19:00,0.0
06/07/06 20:00,0.0
06/07/06 21:00,0.0
06/07/06 22:00,0.0
06/07/06 23:00,0.0
06/08/06 00:00,0.0
06/08/06 01:00,0.0
06/08/06 02:00,0.0
06/08/06 03:00,0.0
06/08/06 04:00,0.0
06/08/06 05:00,0.0
06/08/06 06:00,0.4
06/08/06 07:00,6.9
06/08/06 08:00,13.0
06/08/06 09:00,18.6
06/08/06 10:00,21.4
06/08/06 11:00,17.7
06/08/06 12:00,20.8
06/08/06 13:00,18.0
06/08/06 14:00,13.4
06/08/06 15:00,10.5
06/08/06 16:00,9.7
06/08/06 17:00,9.1
06/08/06 18:00,3.9
06/08/06 19:00,0.0
06/08/06 20:00,0.0
06/08/06 21:00,0.0
06/08/06 22:00,0.0
06/08/06 23:00,0.0
06/09/06 00:00,0.0
06/09/06 01:00,0.0
06/09/06 02:00,0.0
06/09/06 03:00,0.0
06/09/06 04:00,0.0
06/09/06 05:00,0.0
06/09/06 06:00,0.0
06/09/06 07:00,0.0
06/09/06 08:00,7.7
06/09/06 09:00,14.8
06/09/06 10:00,19.7
06/09/06 11:00,20.2
06/09/06 12:00,16.4
06/09/06 13:00,19.2
06/09/06 14:00,13.4
06/09/06 15:00,13.2
06/09/06 16:00,10.7
06/09/06 17:00,7.9
06/09/06 18:00,3.6
06/09/06 19:00,0.0
06/09/06 20:00,0.0
06/09/06 21:00,0.0
06/09/06 22:00,0.0
06/09/06 23:00,0.0
06/10/06 00:00,0.0
06/10/06 01:00,0.0
06/10/06 02:00,0.0
06/10/06 03:00,0.0
06/10/06 04:00,0.0
06/10/06 05:00,0.0
06/10/06 06:00,0.3
06/10/06 07:00,7.5
06/10/06 08:00,11.5
06/10/06 09:00,7.7
06/10/06 10:00,16.0
06/10/06 11:00,25.4
06/10/06 12:00,14.5
06/10/06 13:00,20.7
06/10/06 14:00,22.6
06/10/06 15:00,17.0
06/10/06 16:00,13.0
06/10/06 17:00,8.3
06/10/06 18:00,4.4
06/10/06 19:00,0.0
06/10/06 20:00,0.0
06/10/06 21:00,0.0
06/10/06 22:00,0.0
06/10/06 23:00,0.0
06/11/06 00:00,0.0
06/11/06 01:00,0.0
06/11/06 02:00,0.0
06/11/06 03:00,0.0
06/11/06 04:00,0.0
06/11/06 05:00,0.0
06/11/06 06:00,0.2
06/11/06 07:00,7.7
06/11/06 08:00,11.0
06/11/06 09:00,17.3
06/11/06 10:00,20.7
06/11/06 11:00,21.0
06/11/06 12:00,18.9
06/11/06 13:00,17.8
06/11/06 14:00,14.2
06/11/06 15:00,14.9
06/11/06 16:00,10.8
06/11/06 17:00,8.3
06/11/06 18:00,3.8
06/11/06 19:00,0.0
06/11/06 20:00,0.0
06/11/06 21:00,0.0
06/11/06 22:00,0.0
06/11/06 23:00,0.0
06/12/06 00:00,0.0
06/12/06 01:00,0.0
06/12/06 02:00,0.0
06/12/06 03:00,0.0
06/12/06 04:00,0.0
06/12/06 05:00,0.0
06/12/06 06:00,0.4
06/12/06 07:00,7.3
06/12/06 08:00,14.1
06/12/06 09:00,16.7
06/12/06 10:00,18.1
06/12/06 11:00,23.0
06/12/06 12:00,21.4
06/12/06 13:00,17.7
06/12/06 14:00,15.5
06/12/06 15:00,12.7
06/12/06 16:00,9.3
06/12/06 17:00,7.0
06/12/06 18:00,3.3
06/12/06 19:00,0.1
06/12/06 20:00,0.0
06/12/06 21:00,0.0
06/12/06 22:00,0.0
06/12/06 23:00,0.0
06/13/06 00:00,0.0
06/13/06 01:00,0.0
06/13/06 02:00,0.0
06/13/06 03:00,0.0
06/13/06 04:00,0.0
06/13/06 05:00,0.0
06/13/06 06:00,0.6
06/13/06 07:00,6.0
06/13/06 08:00,10.5
06/13/06 09:00,17.1
06/13/06 10:00,20.5
06/13/06 11:00,20.1
06/13/06 12:00,22.0
06/13/06 13:00,9.2
06/13/06 14:00,15.1
06/13/06 15:00,11.8
06/13/06 16:00,10.2
06/13/06 17:00,3.0
06/13/06 18:00,0.1
06/13/06 19:00,0.1
06/13/06 20:00,0.0
06/13/06 21:00,0.0
06/13/06 22:00,0.0
06/13/06 23:00,0.0
06/14/06 00:00,0.0
06/14/06 01:00,0.0
06/14/06 02:00,0.0
06/14/06 03:00,0.0
06/14/06 04:00,0.0
06/14/06 05:00,0.0
06/14/06 06:00,0.0
06/14/06 07:00,7.0
06/14/06 08:00,14.4
06/14/06 09:00,18.7
06/14/06 10:00,22.0
06/14/06 11:00,23.2
06/14/06 12:00,19.8
06/14/06 13:00,23.6
06/14/06 14:00,17.9
06/14/06 15:00,13.1
06/14/06 16:00,13.1
06/14/06 17:00,8.8
06/14/06 18:00,4.0
06/14/06 19:00,0.1
06/14/06 20:00,0.0
06/14/06 21:00,0.0
06/14/06 22:00,0.0
06/14/06 23:00,0.0
06/15/06 00:00,0.0
06/15/06 01:00,0.0
06/15/06 02:00,0.0
06/15/06 03:00,0.0
06/15/06 04:00,0.0
06/15/06 05:00,0.0
06/15/06 06:00,0.5
06/15/06 07:00,7.4
06/15/06 08:00,13.7
06/15/06 09:00,17.8
06/15/06 10:00,19.7
06/15/06 11:00,22.1
06/15/06 12:00,21.8
06/15/06 13:00,21.8
06/15/06 14:00,20.2
06/15/06 15:00,17.2
06/15/06 16:00,13.1
06/15/06 17:00,8.3
06/15/06 18:00,4.2
06/15/06 19:00,0.1
06/15/06 20:00,0.0
06/15/06 21:00,0.0
06/15/06 22:00,0.0
06/15/06 23:00,0.0
06/16/06 00:00,0.0
06/16/06 01:00,0.0
06/16/06 02:00,0.0
06/16/06 03:00,0.0
06/16/06 04:00,0.0
06/16/06 05:00,0.0
06/16/06 06:00,0.0
06/16/06 07:00,3.6
06/16/06 08:00,7.3
06/16/06 09:00,2.7
06/16/06 10:00,4.8
06/16/06 11:00,20.4
06/16/06 12:00,23.1
06/16/06 13:00,23.3
06/16/06 14:00,22.0
06/16/06 15:00,17.6
06/16/06 16:00,5.8
06/16/06 17:00,8.2
06/16/06 18:00,3.7
06/16/06 19:00,0.0
06/16/06 20:00,0.0
06/16/06 21:00,0.0
06/16/06 22:00,0.0
06/16/06 23:00,0.0
06/17/06 00:00,0.0
06/17/06 01:00,0.0
06/17/06 02:00,0.0
06/17/06 03:00,0.0
06/17/06 04:00,0.0
06/17/06 05:00,0.0
06/17/06 06:00,0.4
06/17/06 07:00,6.9
06/17/06 08:00,12.5
06/17/06 09:00,17.7
06/17/06 10:00,21.2
06/17/06 11:00,23.5
06/17/06 12:00,23.6
06/17/06 13:00,23.7
06/17/06 14:00,21.4
06/17/06 15:00,18.1
06/17/06 16:00,13.8
06/17/06 17:00,8.7
06/17/06 18:00,3.8
06/17/06 19:00,0.1
06/17/06 20:00,0.0
06/17/06 21:00,0.0
06/17/06 22:00,0.0
06/17/06 23:00,0.0
06/18/06 00:00,0.0
06/18/06 01:00,0.0
06/18/06 02:00,0.0
06/18/06 03:00,0.0
06/18/06 04:00,0.0
06/18/06 05:00,0.0
06/18/06 06:00,0.2
06/18/06 07:00,6.4
06/18/06 08:00,9.8
06/18/06 09:00,11.6
06/18/06 10:00,15.2
06/18/06 11:00,14.1
06/18/06 12:00,14.0
06/18/06 13:00,16.9
06/18/06 14:00,15.6
06/18/06 15:00,13.6
06/18/06 16:00,7.9
06/18/06 17:00,6.2
06/18/06 18:00,0.1
06/18/06 19:00,0.0
06/18/06 20:00,0.0
06/18/06 21:00,0.0
06/18/06 22:00,0.0
06/18/06 23:00,0.0
06/19/06 00:00,0.0
06/19/06 01:00,0.0
06/19/06 02:00,0.0
06/19/06 03:00,0.0
06/19/06 04:00,0.0
06/19/06 05:00,0.0
06/19/06 06:00,0.5
06/19/06 07:00,5.8
06/19/06 08:00,11.0
06/19/06 09:00,16.2
06/19/06 10:00,17.6
06/19/06 11:00,8.5
06/19/06 12:00,23.1
06/19/06 13:00,14.7
06/19/06 14:00,17.9
06/19/06 15:00,11.1
06/19/06 16:00,8.5
06/19/06 17:00,8.9
06/19/06 18:00,3.6
06/19/06 19:00,0.1
06/19/06 20:00,0.0
06/19/06 21:00,0.0
06/19/06 22:00,0.0
06/19/06 23:00,0.0
06/20/06 00:00,0.0
06/20/06 01:00,0.0
06/20/06 02:00,0.0
06/20/06 03:00,0.0
06/20/06 04:00,0.0
06/20/06 05:00,0.0
06/20/06 06:00,0.4
06/20/06 07:00,7.4
06/20/06 08:00,11.8
06/20/06 09:00,13.8
06/20/06 10:00,12.1
06/20/06 11:00,20.9
06/20/06 12:00,19.0
06/20/06 13:00,21.8
06/20/06 14:00,18.3
06/20/06 15:00,15.8
06/20/06 16:00,12.7
06/20/06 17:00,5.9
06/20/06 18:00,3.3
06/20/06 19:00,0.1
06/20/06 20:00,0.0
06/20/06 21:00,0.0
06/20/06 22:00,0.0
06/20/06 23:00,0.0
06/21/06 00:00,0.0
06/21/06 01:00,0.0
06/21/06 02:00,0.0
06/21/06 03:00,0.0
06/21/06 04:00,0.0
06/21/06 05:00,0.0
06/21/06 06:00,0.0
06/21/06 07:00,0.0
06/21/06 08:00,0.0
06/21/06 09:00,11.1
06/21/06 10:00,14.5
06/21/06 11:00,16.4
06/21/06 12:00,16.6
06/21/06 13:00,16.3
06/21/06 14:00,15.3
06/21/06 15:00,5.4
06/21/06 16:00,6.1
06/21/06 17:00,5.9
06/21/06 18:00,2.7
06/21/06 19:00,0.1
06/21/06 20:00,0.0
06/21/06 21:00,0.0
06/21/06 22:00,0.0
06/21/06 23:00,0.0
06/22/06 00:00,0.0
06/22/06 01:00,0.0
06/22/06 02:00,0.0
06/22/06 03:00,0.0
06/22/06 04:00,0.0
06/22/06 05:00,0.0
06/22/06 06:00,0.3
06/22/06 07:00,6.9
06/22/06 08:00,12.0
06/22/06 09:00,14.9
06/22/06 10:00,17.9
06/22/06 11:00,15.9
06/22/06 12:00,15.8
06/22/06 13:00,23.6
06/22/06 14:00,13.9
06/22/06 15:00,12.7
06/22/06 16:00,8.9
06/22/06 17:00,5.7
06/22/06 18:00,2.9
06/22/06 19:00,0.1
06/22/06 20:00,0.0
06/22/06 21:00,0.0
06/22/06 22:00,0.0
06/22/06 23:00,0.0
06/23/06 00:00,0.0
06/23/06 01:00,0.0
06/23/06 02:00,0.0
06/23/06 03:00,0.0
06/23/06 04:00,0.0
06/23/06 05:00,0.0
06/23/06 06:00,0.3
06/23/06 07:00,2.3
06/23/06 08:00,5.0
06/23/06 09:00,6.8
06/23/06 10:00,15.4
06/23/06 11:00,21.0
06/23/06 12:00,21.0
06/23/06 13:00,18.1
06/23/06 14:00,16.4
06/23/06 15:00,15.9
06/23/06 16:00,13.3
06/23/06 17:00,8.6
06/23/06 18:00,4.0
06/23/06 19:00,0.0
06/23/06 20:00,0.0
06/23/06 21:00,0.0
06/23/06 22:00,0.0
06/23/06 23:00,0.0
06/24/06 00:00,0.0
06/24/06 01:00,0.0
06/24/06 02:00,0.0
06/24/06 03:00,0.0
06/24/06 04:00,0.0
06/24/06 05:00,0.0
06/24/06 06:00,0.4
06/24/06 07:00,7.9
06/24/06 08:00,13.8
06/24/06 09:00,17.5
06/24/06 10:00,20.1
06/24/06 11:00,22.2
06/24/06 12:00,22.3
06/24/06 13:00,21.8
06/24/06 14:00,20.2
06/24/06 15:00,16.5
06/24/06 16:00,13.2
06/24/06 17:00,8.8
06/24/06 18:00,3.8
06/24/06 19:00,0.1
06/24/06 20:00,0.0
06/24/06 21:00,0.0
06/24/06 22:00,0.0
06/24/06 23:00,0.0
06/25/06 00:00,0.0
06/25/06 01:00,0.0
06/25/06 02:00,0.0
06/25/06 03:00,0.0
06/25/06 04:00,0.0
06/25/06 05:00,0.0
06/25/06 06:00,0.1
06/25/06 07:00,4.1
06/25/06 08:00,11.8
06/25/06 09:00,12.8
06/25/06 10:00,14.1
06/25/06 11:00,19.4
06/25/06 12:00,20.1
06/25/06 13:00,18.9
06/25/06 14:00,19.5
06/25/06 15:00,12.8
06/25/06 16:00,8.3
06/25/06 17:00,7.2
06/25/06 18:00,3.5
06/25/06 19:00,0.1
06/25/06 20:00,0.0
06/25/06 21:00,0.0
06/25/06 22:00,0.0
06/25/06 23:00,0.0
06/26/06 00:00,0.0
06/26/06 01:00,0.0
06/26/06 02:00,0.0
06/26/06 03:00,0.0
06/26/06 04:00,0.0
06/26/06 05:00,0.0
06/26/06 06:00,0.3
06/26/06 07:00,7.0
06/26/06 08:00,12.9
06/26/06 09:00,15.7
06/26/06 10:00,21.0
06/26/06 11:00,21.2
06/26/06 12:00,17.1
06/26/06 13:00,16.4
06/26/06 14:00,14.7
06/26/06 15:00,12.3
06/26/06 16:00,10.3
06/26/06 17:00,6.6
06/26/06 18:00,3.0
06/26/06 19:00,0.0
06/26/06 20:00,0.0
06/26/06 21:00,0.0
06/26/06 22:00,0.0
06/26/06 23:00,0.0
06/27/06 00:00,0.0
06/27/06 01:00,0.0
06/27/06 02:00,0.0
06/27/06 03:00,0.0
06/27/06 04:00,0.0
06/27/06 05:00,0.0
06/27/06 06:00,0.0
06/27/06 07:00,2.5
06/27/06 08:00,4.4
06/27/06 09:00,7.8
06/27/06 10:00,15.8
06/27/06 11:00,18.5
06/27/06 12:00,20.1
06/27/06 13:00,19.3
06/27/06 14:00,15.9
06/27/06 15:00,11.2
06/27/06 16:00,8.1
06/27/06 17:00,5.7
06/27/06 18:00,3.0
06/27/06 19:00,0.1
06/27/06 20:00,0.0
06/27/06 21:00,0.0
06/27/06 22:00,0.0
06/27/06 23:00,0.0
06/28/06 00:00,0.0
06/28/06 01:00,0.0
06/28/06 02:00,0.0
06/28/06 03:00,0.0
06/28/06 04:00,0.0
06/28/06 05:00,0.0
06/28/06 06:00,0.2
06/28/06 07:00,6.7
06/28/06 08:00,12.1
06/28/06 09:00,0.0
06/28/06 10:00,0.0
06/28/06 11:00,22.5
06/28/06 12:00,16.6
06/28/06 13:00,18.8
06/28/06 14:00,20.0
06/28/06 15:00,11.2
06/28/06 16:00,8.2
06/28/06 17:00,5.9
06/28/06 18:00,3.1
06/28/06 19:00,0.0
06/28/06 20:00,0.0
06/28/06 21:00,0.0
06/28/06 22:00,0.0
06/28/06 23:00,0.0
06/29/06 00:00,0.0
06/29/06 01:00,0.0
06/29/06 02:00,0.0
06/29/06 03:00,0.0
06/29/06 04:00,0.0
06/29/06 05:00,0.0
06/29/06 06:00,0.0
06/29/06 07:00,2.9
06/29/06 08:00,5.0
06/29/06 09:00,12.1
06/29/06 10:00,19.1
06/29/06 11:00,18.9
06/29/06 12:00,21.7
06/29/06 13:00,20.5
06/29/06 14:00,18.9
06/29/06 15:00,16.9
06/29/06 16:00,15.5
06/29/06 17:00,5.7
06/29/06 18:00,4.2
06/29/06 19:00,0.1
06/29/06 20:00,0.0
06/29/06 21:00,0.0
06/29/06 22:00,0.0
06/29/06 23:00,0.0
06/30/06 00:00,0.0
06/30/06 01:00,0.0
06/30/06 02:00,0.0
06/30/06 03:00,0.0
06/30/06 04:00,0.0
06/30/06 05:00,0.0
06/30/06 06:00,0.3
06/30/06 07:00,5.8
06/30/06 08:00,9.8
06/30/06 09:00,13.3
06/30/06 10:00,13.8
06/30/06 11:00,16.4
06/30/06 12:00,22.6
06/30/06 13:00,20.4
06/30/06 14:00,16.7
06/30/06 15:00,16.2
06/30/06 16:00,12.2
06/30/06 17:00,8.0
06/30/06 18:00,4.2
06/30/06 19:00,0.1
06/30/06 20:00,0.0
06/30/06 21:00,0.0
06/30/06 22:00,0.0
06/30/06 23:00,0.0
07/01/06 00:00,0.0
07/01/06 01:00,0.0
07/01/06 02:00,0.0
07/01/06 03:00,0.0
07/01/06 04:00,0.0
07/01/06 05:00,0.0
07/01/06 06:00,0.3
07/01/06 07:00,6.8
07/01/06 08:00,11.4
07/01/06 09:00,15.3
07/01/06 10:00,14.3
07/01/06 11:00,20.6
07/01/06 12:00,0.0
07/01/06 13:00,0.0
07/01/06 14:00,0.0
07/01/06 15:00,15.2
07/01/06 16:00,13.8
07/01/06 17:00,6.2
07/01/06 18:00,2.5
07/01/06 19:00,0.1
07/01/06 20:00,0.0
07/01/06 21:00,0.0
07/01/06 22:00,0.0
07/01/06 23:00,0.0
07/02/06 00:00,0.0
07/02/06 01:00,0.0
07/02/06 02:00,0.0
07/02/06 03:00,0.0
07/02/06 04:00,0.0
07/02/06 05:00,0.0
07/02/06 06:00,0.2
07/02/06 07:00,5.4
07/02/06 08:00,10.0
07/02/06 09:00,16.3
07/02/06 10:00,15.2
07/02/06 11:00,15.2
07/02/06 12:00,15.5
07/02/06 13:00,15.0
07/02/06 14:00,15.7
07/02/06 15:00,12.0
07/02/06 16:00,8.3
07/02/06 17:00,4.8
07/02/06 18:00,3.0
07/02/06 19:00,0.1
07/02/06 20:00,0.0
07/02/06 21:00,0.0
07/02/06 22:00,0.0
07/02/06 23:00,0.0
07/03/06 00:00,0.0
07/03/06 01:00,0.0
07/03/06 02:00,0.0
07/03/06 03:00,0.0
07/03/06 04:00,0.0
07/03/06 05:00,0.0
07/03/06 06:00,0.2
07/03/06 07:00,6.3
07/03/06 08:00,12.2
07/03/06 09:00,14.2
07/03/06 10:00,15.3
07/03/06 11:00,16.7
07/03/06 12:00,16.7
07/03/06 13:00,15.9
07/03/06 14:00,13.3
07/03/06 15:00,11.0
07/03/06 16:00,10.6
07/03/06 17:00,7.1
07/03/06 18:00,4.5
07/03/06 19:00,0.0
07/03/06 20:00,0.0
07/03/06 21:00,0.0
07/03/06 22:00,0.0
07/03/06 23:00,0.0
07/04/06 00:00,0.0
07/04/06 01:00,0.0
07/04/06 02:00,0.0
07/04/06 03:00,0.0
07/04/06 04:00,0.0
07/04/06 05:00,0.0
07/04/06 06:00,0.1
07/04/06 07:00,1.7
07/04/06 08:00,12.7
07/04/06 09:00,16.2
07/04/06 10:00,20.0
07/04/06 11:00,20.3
07/04/06 12:00,16.1
07/04/06 13:00,19.3
07/04/06 14:00,19.9
07/04/06 15:00,16.7
07/04/06 16:00,12.9
07/04/06 17:00,8.3
07/04/06 18:00,4.2
07/04/06 19:00,0.1
07/04/06 20:00,0.0
07/04/06 21:00,0.0
07/04/06 22:00,0.0
07/04/06 23:00,0.0
07/05/06 00:00,0.0
07/05/06 01:00,0.0
07/05/06 02:00,0.0
07/05/06 03:00,0.0
07/05/06 04:00,0.0
07/05/06 05:00,0.0
07/05/06 06:00,0.2
07/05/06 07:00,7.4
07/05/06 08:00,13.5
07/05/06 09:00,18.2
07/05/06 10:00,21.1
07/05/06 11:00,20.5
07/05/06 12:00,21.3
07/05/06 13:00,20.3
07/05/06 14:00,18.0
07/05/06 15:00,15.6
07/05/06 16:00,10.7
07/05/06 17:00,6.4
07/05/06 18:00,4.2
07/05/06 19:00,0.1
07/05/06 20:00,0.0
07/05/06 21:00,0.0
07/05/06 22:00,0.0
07/05/06 23:00,0.0
07/06/06 00:00,0.0
07/06/06 01:00,0.0
07/06/06 02:00,0.0
07/06/06 03:00,0.0
07/06/06 04:00,0.0
07/06/06 05:00,0.0
07/06/06 06:00,0.2
07/06/06 07:00,6.7
07/06/06 08:00,13.5
07/06/06 09:00,18.1
07/06/06 10:00,20.9
07/06/06 11:00,20.9
07/06/06 12:00,23.8
07/06/06 13:00,21.7
07/06/06 14:00,18.8
07/06/06 15:00,17.7
07/06/06 16:00,9.9
07/06/06 17:00,8.1
07/06/06 18:00,4.3
07/06/06 19:00,0.1
07/06/06 20:00,0.0
07/06/06 21:00,0.0
07/06/06 22:00,0.0
07/06/06 23:00,0.0
07/07/06 00:00,0.0
07/07/06 01:00,0.0
07/07/06 02:00,0.0
07/07/06 03:00,0.0
07/07/06 04:00,0.0
07/07/06 05:00,0.0
07/07/06 06:00,0.2
07/07/06 07:00,6.7
07/07/06 08:00,12.7
07/07/06 09:00,16.5
07/07/06 10:00,18.9
07/07/06 11:00,19.6
07/07/06 12:00,21.0
07/07/06 13:00,22.5
07/07/06 14:00,18.7
07/07/06 15:00,15.9
07/07/06 16:00,12.3
07/07/06 17:00,7.6
07/07/06 18:00,4.1
07/07/06 19:00,0.1
07/07/06 20:00,0.0
07/07/06 21:00,0.0
07/07/06 22:00,0.0
07/07/06 23:00,0.0
07/08/06 00:00,0.0
07/08/06 01:00,0.0
07/08/06 02:00,0.0
07/08/06 03:00,0.0
07/08/06 04:00,0.0
07/08/06 05:00,0.0
07/08/06 06:00,0.1
07/08/06 07:00,6.0
07/08/06 08:00,12.9
07/08/06 09:00,17.1
07/08/06 10:00,19.6
07/08/06 11:00,20.0
07/08/06 12:00,18.9
07/08/06 13:00,20.7
07/08/06 14:00,17.2
07/08/06 15:00,14.8
07/08/06 16:00,11.8
07/08/06 17:00,6.5
07/08/06 18:00,4.0
07/08/06 19:00,0.1
07/08/06 20:00,0.0
07/08/06 21:00,0.0
07/08/06 22:00,0.0
07/08/06 23:00,0.0
07/09/06 00:00,0.0
07/09/06 01:00,0.0
07/09/06 02:00,0.0
07/09/06 03:00,0.0
07/09/06 04:00,0.0
07/09/06 05:00,0.0
07/09/06 06:00,0.1
07/09/06 07:00,5.1
07/09/06 08:00,0.2
07/09/06 09:00,7.1
07/09/06 10:00,9.3
07/09/06 11:00,10.8
07/09/06 12:00,14.2
07/09/06 13:00,3.6
07/09/06 14:00,14.6
07/09/06 15:00,13.4
07/09/06 16:00,5.6
07/09/06 17:00,6.5
07/09/06 18:00,4.1
07/09/06 19:00,0.1
07/09/06 20:00,0.0
07/09/06 21:00,0.0
07/09/06 22:00,0.0
07/09/06 23:00,0.0
07/10/06 00:00,0.0
07/10/06 01:00,0.0
07/10/06 02:00,0.0
07/10/06 03:00,0.0
07/10/06 04:00,0.0
07/10/06 05:00,0.0
07/10/06 06:00,0.0
07/10/06 07:00,0.7
07/10/06 08:00,4.5
07/10/06 09:00,9.0
07/10/06 10:00,15.2
07/10/06 11:00,19.0
07/10/06 12:00,24.0
07/10/06 13:00,24.0
07/10/06 14:00,21.3
07/10/06 15:00,18.1
07/10/06 16:00,11.9
07/10/06 17:00,8.9
07/10/06 18:00,4.4
07/10/06 19:00,0.1
07/10/06 20:00,0.0
07/10/06 21:00,0.0
07/10/06 22:00,0.0
07/10/06 23:00,0.0
07/11/06 00:00,0.0
07/11/06 01:00,0.0
07/11/06 02:00,0.0
07/11/06 03:00,0.0
07/11/06 04:00,0.0
07/11/06 05:00,0.0
07/11/06 06:00,0.2
07/11/06 07:00,4.0
07/11/06 08:00,7.9
07/11/06 09:00,6.8
07/11/06 10:00,5.7
07/11/06 11:00,17.1
07/11/06 12:00,17.7
07/11/06 13:00,15.9
07/11/06 14:00,12.2
07/11/06 15:00,8.6
07/11/06 16:00,3.3
07/11/06 17:00,0.4
07/11/06 18:00,0.1
07/11/06 19:00,0.0
07/11/06 20:00,0.0
07/11/06 21:00,0.0
07/11/06 22:00,0.0
07/11/06 23:00,0.0
07/12/06 00:00,0.0
07/12/06 01:00,0.0
07/12/06 02:00,0.0
07/12/06 03:00,0.0
07/12/06 04:00,0.0
07/12/06 05:00,0.0
07/12/06 06:00,0.0
07/12/06 07:00,0.0
07/12/06 08:00,0.1
07/12/06 09:00,6.5
07/12/06 10:00,8.6
07/12/06 11:00,15.3
07/12/06 12:00,16.4
07/12/06 13:00,15.9
07/12/06 14:00,13.9
07/12/06 15:00,10.0
07/12/06 16:00,7.7
07/12/06 17:00,5.9
07/12/06 18:00,2.5
07/12/06 19:00,0.1
07/12/06 20:00,0.0
07/12/06 21:00,0.0
07/12/06 22:00,0.0
07/12/06 23:00,0.0
07/13/06 00:00,0.0
07/13/06 01:00,0.0
07/13/06 02:00,0.0
07/13/06 03:00,0.0
07/13/06 04:00,0.0
07/13/06 05:00,0.0
07/13/06 06:00,0.1
07/13/06 07:00,5.6
07/13/06 08:00,12.5
07/13/06 09:00,17.4
07/13/06 10:00,20.1
07/13/06 11:00,21.1
07/13/06 12:00,23.0
07/13/06 13:00,22.5
07/13/06 14:00,20.9
07/13/06 15:00,17.1
07/13/06 16:00,13.4
07/13/06 17:00,6.7
07/13/06 18:00,4.3
07/13/06 19:00,0.1
07/13/06 20:00,0.0
07/13/06 21:00,0.0
07/13/06 22:00,0.0
07/13/06 23:00,0.0
07/14/06 00:00,0.0
07/14/06 01:00,0.0
07/14/06 02:00,0.0
07/14/06 03:00,0.0
07/14/06 04:00,0.0
07/14/06 05:00,0.0
07/14/06 06:00,0.1
07/14/06 07:00,6.4
07/14/06 08:00,11.6
07/14/06 09:00,15.2
07/14/06 10:00,15.4
07/14/06 11:00,21.0
07/14/06 12:00,14.5
07/14/06 13:00,16.9
07/14/06 14:00,14.2
07/14/06 15:00,12.4
07/14/06 16:00,4.9
07/14/06 17:00,0.7
07/14/06 18:00,0.0
07/14/06 19:00,0.0
07/14/06 20:00,0.0
07/14/06 21:00,0.0
07/14/06 22:00,0.0
07/14/06 23:00,0.0
07/15/06 00:00,0.0
07/15/06 01:00,0.0
07/15/06 02:00,0.0
07/15/06 03:00,0.0
07/15/06 04:00,0.0
07/15/06 05:00,0.0
07/15/06 06:00,0.1
07/15/06 07:00,6.0
07/15/06 08:00,12.4
07/15/06 09:00,16.3
07/15/06 10:00,21.2
07/15/06 11:00,23.0
07/15/06 12:00,19.4
07/15/06 13:00,23.0
07/15/06 14:00,21.1
07/15/06 15:00,17.4
07/15/06 16:00,13.1
07/15/06 17:00,8.5
07/15/06 18:00,4.0
07/15/06 19:00,0.1
07/15/06 20:00,0.0
07/15/06 21:00,0.0
07/15/06 22:00,0.0
07/15/06 23:00,0.0
07/16/06 00:00,0.0
07/16/06 01:00,0.0
07/16/06 02:00,0.0
07/16/06 03:00,0.0
07/16/06 04:00,0.0
07/16/06 05:00,0.0
07/16/06 06:00,0.0
07/16/06 07:00,5.4
07/16/06 08:00,9.4
07/16/06 09:00,12.3
07/16/06 10:00,16.7
07/16/06 11:00,20.4
07/16/06 12:00,23.9
07/16/06 13:00,16.3
07/16/06 14:00,19.0
07/16/06 15:00,16.0
07/16/06 16:00,13.4
07/16/06 17:00,8.6
07/16/06 18:00,3.9
07/16/06 19:00,0.1
07/16/06 20:00,0.0
07/16/06 21:00,0.0
07/16/06 22:00,0.0
07/16/06 23:00,0.0
07/17/06 00:00,0.0
07/17/06 01:00,0.0
07/17/06 02:00,0.0
07/17/06 03:00,0.0
07/17/06 04:00,0.0
07/17/06 05:00,0.0
07/17/06 06:00,0.1
07/17/06 07:00,4.4
07/17/06 08:00,11.4
07/17/06 09:00,17.3
07/17/06 10:00,20.5
07/17/06 11:00,22.6
07/17/06 12:00,17.8
07/17/06 13:00,22.9
07/17/06 14:00,20.7
07/17/06 15:00,18.3
07/17/06 16:00,14.1
07/17/06 17:00,8.4
07/17/06 18:00,3.8
07/17/06 19:00,0.0
07/17/06 20:00,0.0
07/17/06 21:00,0.0
07/17/06 22:00,0.0
07/17/06 23:00,0.0
07/18/06 00:00,0.0
07/18/06 01:00,0.0
07/18/06 02:00,0.0
07/18/06 03:00,0.0
07/18/06 04:00,0.0
07/18/06 05:00,0.0
07/18/06 06:00,0.1
07/18/06 07:00,5.1
07/18/06 08:00,9.6
07/18/06 09:00,17.2
07/18/06 10:00,19.2
07/18/06 11:00,21.6
07/18/06 12:00,22.0
07/18/06 13:00,21.2
07/18/06 14:00,20.1
07/18/06 15:00,16.8
07/18/06 16:00,13.6
07/18/06 17:00,8.0
07/18/06 18:00,3.8
07/18/06 19:00,0.0
07/18/06 20:00,0.0
07/18/06 21:00,0.0
07/18/06 22:00,0.0
07/18/06 23:00,0.0
07/19/06 00:00,0.0
07/19/06 01:00,0.0
07/19/06 02:00,0.0
07/19/06 03:00,0.0
07/19/06 04:00,0.0
07/19/06 05:00,0.0
07/19/06 06:00,0.0
07/19/06 07:00,5.9
07/19/06 08:00,13.0
07/19/06 09:00,17.6
07/19/06 10:00,20.1
07/19/06 11:00,22.7
07/19/06 12:00,23.1
07/19/06 13:00,22.4
07/19/06 14:00,20.5
07/19/06 15:00,16.8
07/19/06 16:00,13.0
07/19/06 17:00,8.0
07/19/06 18:00,3.8
07/19/06 19:00,0.0
07/19/06 20:00,0.0
07/19/06 21:00,0.0
07/19/06 22:00,0.0
07/19/06 23:00,0.0
07/20/06 00:00,0.0
07/20/06 01:00,0.0
07/20/06 02:00,0.0
07/20/06 03:00,0.0
07/20/06 04:00,0.0
07/20/06 05:00,0.0
07/20/06 06:00,0.0
07/20/06 07:00,0.5
07/20/06 08:00,0.6
07/20/06 09:00,10.7
07/20/06 10:00,13.2
07/20/06 11:00,14.6
07/20/06 12:00,15.6
07/20/06 13:00,16.6
07/20/06 14:00,13.8
07/20/06 15:00,13.1
07/20/06 16:00,12.9
07/20/06 17:00,6.1
07/20/06 18:00,4.0
07/20/06 19:00,0.0
07/20/06 20:00,0.0
07/20/06 21:00,0.0
07/20/06 22:00,0.0
07/20/06 23:00,0.0
07/21/06 00:00,0.0
07/21/06 01:00,0.0
07/21/06 02:00,0.0
07/21/06 03:00,0.0
07/21/06 04:00,0.0
07/21/06 05:00,0.0
07/21/06 06:00,0.0
07/21/06 07:00,0.1
07/21/06 08:00,3.0
07/21/06 09:00,6.7
07/21/06 10:00,4.0
07/21/06 11:00,12.1
07/21/06 12:00,18.6
07/21/06 13:00,17.2
07/21/06 14:00,14.4
07/21/06 15:00,13.6
07/21/06 16:00,8.5
07/21/06 17:00,5.9
07/21/06 18:00,2.8
07/21/06 19:00,0.0
07/21/06 20:00,0.0
07/21/06 21:00,0.0
07/21/06 22:00,0.0
07/21/06 23:00,0.0
07/22/06 00:00,0.0
07/22/06 01:00,0.0
07/22/06 02:00,0.0
07/22/06 03:00,0.0
07/22/06 04:00,0.0
07/22/06 05:00,0.0
07/22/06 06:00,0.0
07/22/06 07:00,0.0
07/22/06 08:00,3.4
07/22/06 09:00,7.1
07/22/06 10:00,16.5
07/22/06 11:00,18.7
07/22/06 12:00,19.1
07/22/06 13:00,18.3
07/22/06 14:00,19.7
07/22/06 15:00,13.7
07/22/06 16:00,11.2
07/22/06 17:00,8.4
07/22/06 18:00,4.4
07/22/06 19:00,0.0
07/22/06 20:00,0.0
07/22/06 21:00,0.0
07/22/06 22:00,0.0
07/22/06 23:00,0.0
07/23/06 00:00,0.0
07/23/06 01:00,0.0
07/23/06 02:00,0.0
07/23/06 03:00,0.0
07/23/06 04:00,0.0
07/23/06 05:00,0.0
07/23/06 06:00,0.0
07/23/06 07:00,5.3
07/23/06 08:00,12.1
07/23/06 09:00,15.9
07/23/06 10:00,16.3
07/23/06 11:00,16.9
07/23/06 12:00,21.7
07/23/06 13:00,15.0
07/23/06 14:00,17.8
07/23/06 15:00,16.3
07/23/06 16:00,9.4
07/23/06 17:00,4.8
07/23/06 18:00,3.9
07/23/06 19:00,0.0
07/23/06 20:00,0.0
07/23/06 21:00,0.0
07/23/06 22:00,0.0
07/23/06 23:00,0.0
07/24/06 00:00,0.0
07/24/06 01:00,0.0
07/24/06 02:00,0.0
07/24/06 03:00,0.0
07/24/06 04:00,0.0
07/24/06 05:00,0.0
07/24/06 06:00,0.0
07/24/06 07:00,5.1
07/24/06 08:00,11.5
07/24/06 09:00,18.2
07/24/06 10:00,20.5
07/24/06 11:00,22.0
07/24/06 12:00,24.5
07/24/06 13:00,20.8
07/24/06 14:00,20.7
07/24/06 15:00,16.4
07/24/06 16:00,12.5
07/24/06 17:00,8.6
07/24/06 18:00,3.9
07/24/06 19:00,0.0
07/24/06 20:00,0.0
07/24/06 21:00,0.0
07/24/06 22:00,0.0
07/24/06 23:00,0.0
07/25/06 00:00,0.0
07/25/06 01:00,0.0
07/25/06 02:00,0.0
07/25/06 03:00,0.0
07/25/06 04:00,0.0
07/25/06 05:00,0.0
07/25/06 06:00,0.0
07/25/06 07:00,5.2
07/25/06 08:00,8.6
07/25/06 09:00,11.7
07/25/06 10:00,14.4
07/25/06 11:00,14.0
07/25/06 12:00,15.2
07/25/06 13:00,15.0
07/25/06 14:00,14.6
07/25/06 15:00,13.2
07/25/06 16:00,10.0
07/25/06 17:00,0.0
07/25/06 18:00,2.6
07/25/06 19:00,0.0
07/25/06 20:00,0.0
07/25/06 21:00,0.0
07/25/06 22:00,0.0
07/25/06 23:00,0.0
07/26/06 00:00,0.0
07/26/06 01:00,0.0
07/26/06 02:00,0.0
07/26/06 03:00,0.0
07/26/06 04:00,0.0
07/26/06 05:00,0.0
07/26/06 06:00,0.0
07/26/06 07:00,0.5
07/26/06 08:00,3.3
07/26/06 09:00,10.1
07/26/06 10:00,12.1
07/26/06 11:00,12.2
07/26/06 12:00,14.3
07/26/06 13:00,13.6
07/26/06 14:00,10.5
07/26/06 15:00,7.6
07/26/06 16:00,3.3
07/26/06 17:00,5.5
07/26/06 18:00,3.8
07/26/06 19:00,0.0
07/26/06 20:00,0.0
07/26/06 21:00,0.0
07/26/06 22:00,0.0
07/26/06 23:00,0.0
07/27/06 00:00,0.0
07/27/06 01:00,0.0
07/27/06 02:00,0.0
07/27/06 03:00,0.0
07/27/06 04:00,0.0
07/27/06 05:00,0.0
07/27/06 06:00,0.0
07/27/06 07:00,0.8
07/27/06 08:00,5.0
07/27/06 09:00,12.2
07/27/06 10:00,14.4
07/27/06 11:00,17.8
07/27/06 12:00,19.8
07/27/06 13:00,17.9
07/27/06 14:00,16.8
07/27/06 15:00,18.0
07/27/06 16:00,10.6
07/27/06 17:00,5.3
07/27/06 18:00,3.6
07/27/06 19:00,0.0
07/27/06 20:00,0.0
07/27/06 21:00,0.0
07/27/06 22:00,0.0
07/27/06 23:00,0.0
07/28/06 00:00,0.0
07/28/06 01:00,0.0
07/28/06 02:00,0.0
07/28/06 03:00,0.0
07/28/06 04:00,0.0
07/28/06 05:00,0.0
07/28/06 06:00,0.0
07/28/06 07:00,4.4
07/28/06 08:00,9.0
07/28/06 09:00,12.2
07/28/06 10:00,14.2
07/28/06 11:00,19.0
07/28/06 12:00,22.9
07/28/06 13:00,16.1
07/28/06 14:00,17.8
07/28/06 15:00,18.0
07/28/06 16:00,13.0
07/28/06 17:00,8.1
07/28/06 18:00,3.6
07/28/06 19:00,0.0
07/28/06 20:00,0.0
07/28/06 21:00,0.0
07/28/06 22:00,0.0
07/28/06 23:00,0.0
07/29/06 00:00,0.0
07/29/06 01:00,0.0
07/29/06 02:00,0.0
07/29/06 03:00,0.0
07/29/06 04:00,0.0
07/29/06 05:00,0.0
07/29/06 06:00,0.0
07/29/06 07:00,2.7
07/29/06 08:00,10.1
07/29/06 09:00,13.1
07/29/06 10:00,19.7
07/29/06 11:00,23.2
07/29/06 12:00,20.1
07/29/06 13:00,20.7
07/29/06 14:00,14.3
07/29/06 15:00,17.3
07/29/06 16:00,12.8
07/29/06 17:00,8.0
07/29/06 18:00,3.3
07/29/06 19:00,0.0
07/29/06 20:00,0.0
07/29/06 21:00,0.0
07/29/06 22:00,0.0
07/29/06 23:00,0.0
07/30/06 00:00,0.0
07/30/06 01:00,0.0
07/30/06 02:00,0.0
07/30/06 03:00,0.0
07/30/06 04:00,0.0
07/30/06 05:00,0.0
07/30/06 06:00,0.0
07/30/06 07:00,4.3
07/30/06 08:00,9.1
07/30/06 09:00,15.3
07/30/06 10:00,12.4
07/30/06 11:00,12.1
07/30/06 12:00,17.5
07/30/06 13:00,17.3
07/30/06 14:00,8.0
07/30/06 15:00,0.3
07/30/06 16:00,0.2
07/30/06 17:00,4.5
07/30/06 18:00,2.2
07/30/06 19:00,0.0
07/30/06 20:00,0.0
07/30/06 21:00,0.0
07/30/06 22:00,0.0
07/30/06 23:00,0.0
07/31/06 00:00,0.0
07/31/06 01:00,0.0
07/31/06 02:00,0.0
07/31/06 03:00,0.0
07/31/06 04:00,0.0
07/31/06 05:00,0.0
07/31/06 06:00,0.0
07/31/06 07:00,4.2
07/31/06 08:00,9.4
07/31/06 09:00,16.0
07/31/06 10:00,19.4
07/31/06 11:00,20.9
07/31/06 12:00,23.4
07/31/06 13:00,23.1
07/31/06 14:00,19.5
07/31/06 15:00,14.3
07/31/06 16:00,13.3
07/31/06 17:00,8.1
07/31/06 18:00,3.5
07/31/06 19:00,0.0
07/31/06 20:00,0.0
07/31/06 21:00,0.0
07/31/06 22:00,0.0
07/31/06 23:00,0.0
08/01/06 00:00,0.0
08/01/06 01:00,0.0
08/01/06 02:00,0.0
08/01/06 03:00,0.0
08/01/06 04:00,0.0
08/01/06 05:00,0.0
08/01/06 06:00,0.0
08/01/06 07:00,4.5
08/01/06 08:00,9.8
08/01/06 09:00,14.8
08/01/06 10:00,19.6
08/01/06 11:00,21.3
08/01/06 12:00,19.1
08/01/06 13:00,22.8
08/01/06 14:00,21.2
08/01/06 15:00,16.8
08/01/06 16:00,13.3
08/01/06 17:00,8.3
08/01/06 18:00,3.1
08/01/06 19:00,0.0
08/01/06 20:00,0.0
08/01/06 21:00,0.0
08/01/06 22:00,0.0
08/01/06 23:00,0.0
08/02/06 00:00,0.0
08/02/06 01:00,0.0
08/02/06 02:00,0.0
08/02/06 03:00,0.0
08/02/06 04:00,0.0
08/02/06 05:00,0.0
08/02/06 06:00,0.0
08/02/06 07:00,4.3
08/02/06 08:00,8.8
08/02/06 09:00,15.6
08/02/06 10:00,18.3
08/02/06 11:00,21.6
08/02/06 12:00,21.8
08/02/06 13:00,23.5
08/02/06 14:00,22.0
08/02/06 15:00,18.3
08/02/06 16:00,13.7
08/02/06 17:00,8.2
08/02/06 18:00,3.3
08/02/06 19:00,0.0
08/02/06 20:00,0.0
08/02/06 21:00,0.0
08/02/06 22:00,0.0
08/02/06 23:00,0.0
08/03/06 00:00,0.0
08/03/06 01:00,0.0
08/03/06 02:00,0.0
08/03/06 03:00,0.0
08/03/06 04:00,0.0
08/03/06 05:00,0.0
08/03/06 06:00,0.0
08/03/06 07:00,0.8
08/03/06 08:00,3.2
08/03/06 09:00,6.3
08/03/06 10:00,13.6
08/03/06 11:00,11.5
08/03/06 12:00,16.7
08/03/06 13:00,10.7
08/03/06 14:00,14.3
08/03/06 15:00,11.3
08/03/06 16:00,8.7
08/03/06 17:00,4.7
08/03/06 18:00,2.5
08/03/06 19:00,0.0
08/03/06 20:00,0.0
08/03/06 21:00,0.0
08/03/06 22:00,0.0
08/03/06 23:00,0.0
08/04/06 00:00,0.0
08/04/06 01:00,0.0
08/04/06 02:00,0.0
08/04/06 03:00,0.0
08/04/06 04:00,0.0
08/04/06 05:00,0.0
08/04/06 06:00,0.0
08/04/06 07:00,4.7
08/04/06 08:00,10.8
08/04/06 09:00,17.5
08/04/06 10:00,20.4
08/04/06 11:00,22.2
08/04/06 12:00,23.1
08/04/06 13:00,21.1
08/04/06 14:00,15.0
08/04/06 15:00,12.8
08/04/06 16:00,12.9
08/04/06 17:00,7.5
08/04/06 18:00,3.6
08/04/06 19:00,0.0
08/04/06 20:00,0.0
08/04/06 21:00,0.0
08/04/06 22:00,0.0
08/04/06 23:00,0.0
08/05/06 00:00,0.0
08/05/06 01:00,0.0
08/05/06 02:00,0.0
08/05/06 03:00,0.0
08/05/06 04:00,0.0
08/05/06 05:00,0.0
08/05/06 06:00,0.0
08/05/06 07:00,4.5
08/05/06 08:00,11.5
08/05/06 09:00,17.4
08/05/06 10:00,20.4
08/05/06 11:00,20.6
08/05/06 12:00,18.7
08/05/06 13:00,17.7
08/05/06 14:00,16.9
08/05/06 15:00,15.7
08/05/06 16:00,10.3
08/05/06 17:00,3.9
08/05/06 18:00,1.1
08/05/06 19:00,0.0
08/05/06 20:00,0.0
08/05/06 21:00,0.0
08/05/06 22:00,0.0
08/05/06 23:00,0.0
08/06/06 00:00,0.0
08/06/06 01:00,0.0
08/06/06 02:00,0.0
08/06/06 03:00,0.0
08/06/06 04:00,0.0
08/06/06 05:00,0.0
08/06/06 06:00,0.0
08/06/06 07:00,4.2
08/06/06 08:00,10.5
08/06/06 09:00,14.2
08/06/06 10:00,16.8
08/06/06 11:00,13.4
08/06/06 12:00,22.4
08/06/06 13:00,17.3
08/06/06 14:00,15.0
08/06/06 15:00,13.0
08/06/06 16:00,8.3
08/06/06 17:00,6.8
08/06/06 18:00,3.2
08/06/06 19:00,0.0
08/06/06 20:00,0.0
08/06/06 21:00,0.0
08/06/06 22:00,0.0
08/06/06 23:00,0.0
08/07/06 00:00,0.0
08/07/06 01:00,0.0
08/07/06 02:00,0.0
08/07/06 03:00,0.0
08/07/06 04:00,0.0
08/07/06 05:00,0.0
08/07/06 06:00,0.0
08/07/06 07:00,2.9
08/07/06 08:00,7.6
08/07/06 09:00,14.9
08/07/06 10:00,15.5
08/07/06 11:00,16.7
08/07/06 12:00,15.9
08/07/06 13:00,18.2
08/07/06 14:00,16.1
08/07/06 15:00,16.2
08/07/06 16:00,12.5
08/07/06 17:00,7.5
08/07/06 18:00,2.7
08/07/06 19:00,0.0
08/07/06 20:00,0.0
08/07/06 21:00,0.0
08/07/06 22:00,0.0
08/07/06 23:00,0.0
08/08/06 00:00,0.0
08/08/06 01:00,0.0
08/08/06 02:00,0.0
08/08/06 03:00,0.0
08/08/06 04:00,0.0
08/08/06 05:00,0.0
08/08/06 06:00,0.0
08/08/06 07:00,3.1
08/08/06 08:00,7.9
08/08/06 09:00,13.2
08/08/06 10:00,16.4
08/08/06 11:00,19.9
08/08/06 12:00,14.8
08/08/06 13:00,18.7
08/08/06 14:00,16.3
08/08/06 15:00,13.7
08/08/06 16:00,10.5
08/08/06 17:00,7.6
08/08/06 18:00,2.4
08/08/06 19:00,0.0
08/08/06 20:00,0.0
08/08/06 21:00,0.0
08/08/06 22:00,0.0
08/08/06 23:00,0.0
08/09/06 00:00,0.0
08/09/06 01:00,0.0
08/09/06 02:00,0.0
08/09/06 03:00,0.0
08/09/06 04:00,0.0
08/09/06 05:00,0.0
08/09/06 06:00,0.0
08/09/06 07:00,4.7
08/09/06 08:00,10.4
08/09/06 09:00,13.8
08/09/06 10:00,16.1
08/09/06 11:00,21.8
08/09/06 12:00,22.2
08/09/06 13:00,20.7
08/09/06 14:00,19.5
08/09/06 15:00,16.3
08/09/06 16:00,11.2
08/09/06 17:00,7.2
08/09/06 18:00,2.0
08/09/06 19:00,0.0
08/09/06 20:00,0.0
08/09/06 21:00,0.0
08/09/06 22:00,0.0
08/09/06 23:00,0.0
08/10/06 00:00,0.0
08/10/06 01:00,0.0
08/10/06 02:00,0.0
08/10/06 03:00,0.0
08/10/06 04:00,0.0
08/10/06 05:00,0.0
08/10/06 06:00,0.0
08/10/06 07:00,0.7
08/10/06 08:00,8.5
08/10/06 09:00,15.2
08/10/06 10:00,19.6
08/10/06 11:00,17.5
08/10/06 12:00,16.1
08/10/06 13:00,17.2
08/10/06 14:00,14.7
08/10/06 15:00,12.6
08/10/06 16:00,9.0
08/10/06 17:00,5.5
08/10/06 18:00,2.2
08/10/06 19:00,0.0
08/10/06 20:00,0.0
08/10/06 21:00,0.0
08/10/06 22:00,0.0
08/10/06 23:00,0.0
08/11/06 00:00,0.0
08/11/06 01:00,0.0
08/11/06 02:00,0.0
08/11/06 03:00,0.0
08/11/06 04:00,0.0
08/11/06 05:00,0.0
08/11/06 06:00,0.0
08/11/06 07:00,4.4
08/11/06 08:00,12.0
08/11/06 09:00,16.2
08/11/06 10:00,18.5
08/11/06 11:00,20.1
08/11/06 12:00,20.6
08/11/06 13:00,19.6
08/11/06 14:00,19.1
08/11/06 15:00,15.4
08/11/06 16:00,11.6
08/11/06 17:00,7.2
08/11/06 18:00,2.3
08/11/06 19:00,0.0
08/11/06 20:00,0.0
08/11/06 21:00,0.0
08/11/06 22:00,0.0
08/11/06 23:00,0.0
08/12/06 00:00,0.0
08/12/06 01:00,0.0
08/12/06 02:00,0.0
08/12/06 03:00,0.0
08/12/06 04:00,0.0
08/12/06 05:00,0.0
08/12/06 06:00,0.0
08/12/06 07:00,4.3
08/12/06 08:00,11.8
08/12/06 09:00,16.7
08/12/06 10:00,19.8
08/12/06 11:00,20.7
08/12/06 12:00,20.7
08/12/06 13:00,19.8
08/12/06 14:00,18.2
08/12/06 15:00,15.6
08/12/06 16:00,11.8
08/12/06 17:00,7.0
08/12/06 18:00,2.1
08/12/06 19:00,0.0
08/12/06 20:00,0.0
08/12/06 21:00,0.0
08/12/06 22:00,0.0
08/12/06 23:00,0.0
08/13/06 00:00,0.0
08/13/06 01:00,0.0
08/13/06 02:00,0.0
08/13/06 03:00,0.0
08/13/06 04:00,0.0
08/13/06 05:00,0.0
08/13/06 06:00,0.0
08/13/06 07:00,4.1
08/13/06 08:00,11.1
08/13/06 09:00,15.8
08/13/06 10:00,19.0
08/13/06 11:00,19.5
08/13/06 12:00,20.9
08/13/06 13:00,20.3
08/13/06 14:00,18.7
08/13/06 15:00,11.7
08/13/06 16:00,11.0
08/13/06 17:00,6.3
08/13/06 18:00,2.0
08/13/06 19:00,0.0
08/13/06 20:00,0.0
08/13/06 21:00,0.0
08/13/06 22:00,0.0
08/13/06 23:00,0.0
08/14/06 00:00,0.0
08/14/06 01:00,0.0
08/14/06 02:00,0.0
08/14/06 03:00,0.0
08/14/06 04:00,0.0
08/14/06 05:00,0.0
08/14/06 06:00,0.0
08/14/06 07:00,1.7
08/14/06 08:00,6.7
08/14/06 09:00,5.2
08/14/06 10:00,1.8
08/14/06 11:00,15.0
08/14/06 12:00,6.7
08/14/06 13:00,7.5
08/14/06 14:00,8.0
08/14/06 15:00,12.4
08/14/06 16:00,9.2
08/14/06 17:00,6.5
08/14/06 18:00,1.6
08/14/06 19:00,0.0
08/14/06 20:00,0.0
08/14/06 21:00,0.0
08/14/06 22:00,0.0
08/14/06 23:00,0.0
08/15/06 00:00,0.0
08/15/06 01:00,0.0
08/15/06 02:00,0.0
08/15/06 03:00,0.0
08/15/06 04:00,0.0
08/15/06 05:00,0.0
08/15/06 06:00,0.0
08/15/06 07:00,3.9
08/15/06 08:00,10.5
08/15/06 09:00,16.8
08/15/06 10:00,19.1
08/15/06 11:00,21.2
08/15/06 12:00,22.7
08/15/06 13:00,18.5
08/15/06 14:00,15.1
08/15/06 15:00,16.5
08/15/06 16:00,12.1
08/15/06 17:00,7.0
08/15/06 18:00,1.6
08/15/06 19:00,0.0
08/15/06 20:00,0.0
08/15/06 21:00,0.0
08/15/06 22:00,0.0
08/15/06 23:00,0.0
08/16/06 00:00,0.0
08/16/06 01:00,0.0
08/16/06 02:00,0.0
08/16/06 03:00,0.0
08/16/06 04:00,0.0
08/16/06 05:00,0.0
08/16/06 06:00,0.0
08/16/06 07:00,3.9
08/16/06 08:00,10.7
08/16/06 09:00,17.0
08/16/06 10:00,17.7
08/16/06 11:00,19.6
08/16/06 12:00,19.7
08/16/06 13:00,19.4
08/16/06 14:00,16.9
08/16/06 15:00,14.9
08/16/06 16:00,11.5
08/16/06 17:00,6.7
08/16/06 18:00,1.4
08/16/06 19:00,0.0
08/16/06 20:00,0.0
08/16/06 21:00,0.0
08/16/06 22:00,0.0
08/16/06 23:00,0.0
08/17/06 00:00,0.0
08/17/06 01:00,0.0
08/17/06 02:00,0.0
08/17/06 03:00,0.0
08/17/06 04:00,0.0
08/17/06 05:00,0.0
08/17/06 06:00,0.0
08/17/06 07:00,0.2
08/17/06 08:00,3.1
08/17/06 09:00,8.8
08/17/06 10:00,9.6
08/17/06 11:00,15.8
08/17/06 12:00,16.8
08/17/06 13:00,8.9
08/17/06 14:00,13.7
08/17/06 15:00,6.7
08/17/06 16:00,5.1
08/17/06 17:00,3.1
08/17/06 18:00,0.0
08/17/06 19:00,0.0
08/17/06 20:00,0.0
08/17/06 21:00,0.0
08/17/06 22:00,0.0
08/17/06 23:00,0.0
08/18/06 00:00,0.0
08/18/06 01:00,0.0
08/18/06 02:00,0.0
08/18/06 03:00,0.0
08/18/06 04:00,0.0
08/18/06 05:00,0.0
08/18/06 06:00,0.0
08/18/06 07:00,0.1
08/18/06 08:00,4.7
08/18/06 09:00,4.4
08/18/06 10:00,14.2
08/18/06 11:00,14.9
08/18/06 12:00,14.0
08/18/06 13:00,8.5
08/18/06 14:00,13.1
08/18/06 15:00,8.5
08/18/06 16:00,7.5
08/18/06 17:00,4.5
08/18/06 18:00,1.5
08/18/06 19:00,0.0
08/18/06 20:00,0.0
08/18/06 21:00,0.0
08/18/06 22:00,0.0
08/18/06 23:00,0.0
08/19/06 00:00,0.0
08/19/06 01:00,0.0
08/19/06 02:00,0.0
08/19/06 03:00,0.0
08/19/06 04:00,0.0
08/19/06 05:00,0.0
08/19/06 06:00,0.0
08/19/06 07:00,3.3
08/19/06 08:00,8.1
08/19/06 09:00,11.7
08/19/06 10:00,12.4
08/19/06 11:00,12.3
08/19/06 12:00,14.7
08/19/06 13:00,15.1
08/19/06 14:00,13.4
08/19/06 15:00,10.8
08/19/06 16:00,9.7
08/19/06 17:00,6.4
08/19/06 18:00,0.7
08/19/06 19:00,0.0
08/19/06 20:00,0.0
08/19/06 21:00,0.0
08/19/06 22:00,0.0
08/19/06 23:00,0.0
08/20/06 00:00,0.0
08/20/06 01:00,0.0
08/20/06 02:00,0.0
08/20/06 03:00,0.0
08/20/06 04:00,0.0
08/20/06 05:00,0.0
08/20/06 06:00,0.0
08/20/06 07:00,3.2
08/20/06 08:00,5.2
08/20/06 09:00,11.9
08/20/06 10:00,17.1
08/20/06 11:00,19.8
08/20/06 12:00,21.6
08/20/06 13:00,20.5
08/20/06 14:00,18.5
08/20/06 15:00,16.1
08/20/06 16:00,11.8
08/20/06 17:00,6.6
08/20/06 18:00,0.9
08/20/06 19:00,0.0
08/20/06 20:00,0.0
08/20/06 21:00,0.0
08/20/06 22:00,0.0
08/20/06 23:00,0.0
08/21/06 00:00,0.0
08/21/06 01:00,0.0
08/21/06 02:00,0.0
08/21/06 03:00,0.0
08/21/06 04:00,0.0
08/21/06 05:00,0.0
08/21/06 06:00,0.0
08/21/06 07:00,3.7
08/21/06 08:00,10.6
08/21/06 09:00,15.9
08/21/06 10:00,16.7
08/21/06 11:00,19.1
08/21/06 12:00,16.8
08/21/06 13:00,18.5
08/21/06 14:00,18.9
08/21/06 15:00,15.4
08/21/06 16:00,11.4
08/21/06 17:00,6.4
08/21/06 18:00,0.9
08/21/06 19:00,0.0
08/21/06 20:00,0.0
08/21/06 21:00,0.0
08/21/06 22:00,0.0
08/21/06 23:00,0.0
08/22/06 00:00,0.0
08/22/06 01:00,0.0
08/22/06 02:00,0.0
08/22/06 03:00,0.0
08/22/06 04:00,0.0
08/22/06 05:00,0.0
08/22/06 06:00,0.0
08/22/06 07:00,3.4
08/22/06 08:00,9.4
08/22/06 09:00,14.9
08/22/06 10:00,7.1
08/22/06 11:00,21.8
08/22/06 12:00,8.6
08/22/06 13:00,19.1
08/22/06 14:00,11.8
08/22/06 15:00,9.6
08/22/06 16:00,7.7
08/22/06 17:00,6.5
08/22/06 18:00,0.7
08/22/06 19:00,0.0
08/22/06 20:00,0.0
08/22/06 21:00,0.0
08/22/06 22:00,0.0
08/22/06 23:00,0.0
08/23/06 00:00,0.0
08/23/06 01:00,0.0
08/23/06 02:00,0.0
08/23/06 03:00,0.0
08/23/06 04:00,0.0
08/23/06 05:00,0.0
08/23/06 06:00,0.0
08/23/06 07:00,3.5
08/23/06 08:00,10.4
08/23/06 09:00,15.8
08/23/06 10:00,18.5
08/23/06 11:00,17.8
08/23/06 12:00,17.5
08/23/06 13:00,16.8
08/23/06 14:00,8.3
08/23/06 15:00,9.3
08/23/06 16:00,5.0
08/23/06 17:00,3.2
08/23/06 18:00,0.2
08/23/06 19:00,0.0
08/23/06 20:00,0.0
08/23/06 21:00,0.0
08/23/06 22:00,0.0
08/23/06 23:00,0.0
08/24/06 00:00,0.0
08/24/06 01:00,0.0
08/24/06 02:00,0.0
08/24/06 03:00,0.0
08/24/06 04:00,0.0
08/24/06 05:00,0.0
08/24/06 06:00,0.0
08/24/06 07:00,0.0
08/24/06 08:00,0.2
08/24/06 09:00,9.3
08/24/06 10:00,13.1
08/24/06 11:00,13.5
08/24/06 12:00,16.1
08/24/06 13:00,14.3
08/24/06 14:00,12.0
08/24/06 15:00,10.5
08/24/06 16:00,7.4
08/24/06 17:00,4.1
08/24/06 18:00,0.6
08/24/06 19:00,0.0
08/24/06 20:00,0.0
08/24/06 21:00,0.0
08/24/06 22:00,0.0
08/24/06 23:00,0.0
08/25/06 00:00,0.0
08/25/06 01:00,0.0
08/25/06 02:00,0.0
08/25/06 03:00,0.0
08/25/06 04:00,0.0
08/25/06 05:00,0.0
08/25/06 06:00,0.0
08/25/06 07:00,0.0
08/25/06 08:00,1.0
08/25/06 09:00,7.0
08/25/06 10:00,10.2
08/25/06 11:00,11.9
08/25/06 12:00,15.9
08/25/06 13:00,15.5
08/25/06 14:00,13.4
08/25/06 15:00,13.3
08/25/06 16:00,9.5
08/25/06 17:00,5.6
08/25/06 18:00,0.8
08/25/06 19:00,0.0
08/25/06 20:00,0.0
08/25/06 21:00,0.0
08/25/06 22:00,0.0
08/25/06 23:00,0.0
08/26/06 00:00,0.0
08/26/06 01:00,0.0
08/26/06 02:00,0.0
08/26/06 03:00,0.0
08/26/06 04:00,0.0
08/26/06 05:00,0.0
08/26/06 06:00,0.0
08/26/06 07:00,0.3
08/26/06 08:00,6.5
08/26/06 09:00,8.1
08/26/06 10:00,13.1
08/26/06 11:00,4.9
08/26/06 12:00,2.9
08/26/06 13:00,0.8
08/26/06 14:00,14.9
08/26/06 15:00,8.2
08/26/06 16:00,3.9
08/26/06 17:00,3.6
08/26/06 18:00,0.2
08/26/06 19:00,0.0
08/26/06 20:00,0.0
08/26/06 21:00,0.0
08/26/06 22:00,0.0
08/26/06 23:00,0.0
08/27/06 00:00,0.0
08/27/06 01:00,0.0
08/27/06 02:00,0.0
08/27/06 03:00,0.0
08/27/06 04:00,0.0
08/27/06 05:00,0.0
08/27/06 06:00,0.0
08/27/06 07:00,0.0
08/27/06 08:00,0.0
08/27/06 09:00,1.1
08/27/06 10:00,11.3
08/27/06 11:00,12.8
08/27/06 12:00,15.8
08/27/06 13:00,10.0
08/27/06 14:00,13.9
08/27/06 15:00,11.8
08/27/06 16:00,7.2
08/27/06 17:00,3.8
08/27/06 18:00,0.6
08/27/06 19:00,0.0
08/27/06 20:00,0.0
08/27/06 21:00,0.0
08/27/06 22:00,0.0
08/27/06 23:00,0.0
08/28/06 00:00,0.0
08/28/06 01:00,0.0
08/28/06 02:00,0.0
08/28/06 03:00,0.0
08/28/06 04:00,0.0
08/28/06 05:00,0.0
08/28/06 06:00,0.0
08/28/06 07:00,0.0
08/28/06 08:00,3.2
08/28/06 09:00,4.3
08/28/06 10:00,7.0
08/28/06 11:00,7.0
08/28/06 12:00,10.5
08/28/06 13:00,12.7
08/28/06 14:00,9.3
08/28/06 15:00,9.0
08/28/06 16:00,5.8
08/28/06 17:00,3.6
08/28/06 18:00,0.1
08/28/06 19:00,0.0
08/28/06 20:00,0.0
08/28/06 21:00,0.0
08/28/06 22:00,0.0
08/28/06 23:00,0.0
08/29/06 00:00,0.0
08/29/06 01:00,0.0
08/29/06 02:00,0.0
08/29/06 03:00,0.0
08/29/06 04:00,0.0
08/29/06 05:00,0.0
08/29/06 06:00,0.0
08/29/06 07:00,2.7
08/29/06 08:00,6.9
08/29/06 09:00,11.8
08/29/06 10:00,13.7
08/29/06 11:00,14.8
08/29/06 12:00,16.3
08/29/06 13:00,16.1
08/29/06 14:00,15.3
08/29/06 15:00,12.6
08/29/06 16:00,9.2
08/29/06 17:00,6.4
08/29/06 18:00,0.3
08/29/06 19:00,0.0
08/29/06 20:00,0.0
08/29/06 21:00,0.0
08/29/06 22:00,0.0
08/29/06 23:00,0.0
08/30/06 00:00,0.0
08/30/06 01:00,0.0
08/30/06 02:00,0.0
08/30/06 03:00,0.0
08/30/06 04:00,0.0
08/30/06 05:00,0.0
08/30/06 06:00,0.0
08/30/06 07:00,2.9
08/30/06 08:00,9.0
08/30/06 09:00,13.0
08/30/06 10:00,15.6
08/30/06 11:00,18.3
08/30/06 12:00,16.1
08/30/06 13:00,16.3
08/30/06 14:00,12.9
08/30/06 15:00,14.4
08/30/06 16:00,10.6
08/30/06 17:00,4.7
08/30/06 18:00,0.4
08/30/06 19:00,0.0
08/30/06 20:00,0.0
08/30/06 21:00,0.0
08/30/06 22:00,0.0
08/30/06 23:00,0.0
08/31/06 00:00,0.0
08/31/06 01:00,0.0
08/31/06 02:00,0.0
08/31/06 03:00,0.0
08/31/06 04:00,0.0
08/31/06 05:00,0.0
08/31/06 06:00,0.0
08/31/06 07:00,2.9
08/31/06 08:00,9.5
08/31/06 09:00,16.7
08/31/06 10:00,18.9
08/31/06 11:00,19.7
08/31/06 12:00,20.9
08/31/06 13:00,19.8
08/31/06 14:00,18.6
08/31/06 15:00,14.8
08/31/06 16:00,9.5
08/31/06 17:00,5.4
08/31/06 18:00,0.2
08/31/06 19:00,0.0
08/31/06 20:00,0.0
08/31/06 21:00,0.0
08/31/06 22:00,0.0
08/31/06 23:00,0.0
09/01/06 00:00,0.0
09/01/06 01:00,0.0
09/01/06 02:00,0.0
09/01/06 03:00,0.0
09/01/06 04:00,0.0
09/01/06 05:00,0.0
09/01/06 06:00,0.0
09/01/06 07:00,0.0
09/01/06 08:00,2.3
09/01/06 09:00,6.7
09/01/06 10:00,16.0
09/01/06 11:00,16.3
09/01/06 12:00,15.4
09/01/06 13:00,19.5
09/01/06 14:00,13.9
09/01/06 15:00,12.8
09/01/06 16:00,7.1
09/01/06 17:00,3.3
09/01/06 18:00,0.2
09/01/06 19:00,0.0
09/01/06 20:00,0.0
09/01/06 21:00,0.0
09/01/06 22:00,0.0
09/01/06 23:00,0.0
09/02/06 00:00,0.0
09/02/06 01:00,0.0
09/02/06 02:00,0.0
09/02/06 03:00,0.0
09/02/06 04:00,0.0
09/02/06 05:00,0.0
09/02/06 06:00,0.0
09/02/06 07:00,1.0
09/02/06 08:00,6.4
09/02/06 09:00,11.2
09/02/06 10:00,11.5
09/02/06 11:00,14.4
09/02/06 12:00,12.6
09/02/06 13:00,14.7
09/02/06 14:00,13.0
09/02/06 15:00,10.6
09/02/06 16:00,6.7
09/02/06 17:00,3.4
09/02/06 18:00,0.1
09/02/06 19:00,0.0
09/02/06 20:00,0.0
09/02/06 21:00,0.0
09/02/06 22:00,0.0
09/02/06 23:00,0.0
09/03/06 00:00,0.0
09/03/06 01:00,0.0
09/03/06 02:00,0.0
09/03/06 03:00,0.0
09/03/06 04:00,0.0
09/03/06 05:00,0.0
09/03/06 06:00,0.0
09/03/06 07:00,0.0
09/03/06 08:00,6.6
09/03/06 09:00,11.9
09/03/06 10:00,13.7
09/03/06 11:00,16.0
09/03/06 12:00,16.5
09/03/06 13:00,15.5
09/03/06 14:00,16.6
09/03/06 15:00,11.5
09/03/06 16:00,7.1
09/03/06 17:00,4.0
09/03/06 18:00,0.0
09/03/06 19:00,0.0
09/03/06 20:00,0.0
09/03/06 21:00,0.0
09/03/06 22:00,0.0
09/03/06 23:00,0.0
09/04/06 00:00,0.0
09/04/06 01:00,0.0
09/04/06 02:00,0.0
09/04/06 03:00,0.0
09/04/06 04:00,0.0
09/04/06 05:00,0.0
09/04/06 06:00,0.0
09/04/06 07:00,1.8
09/04/06 08:00,8.3
09/04/06 09:00,14.0
09/04/06 10:00,19.2
09/04/06 11:00,18.2
09/04/06 12:00,16.1
09/04/06 13:00,15.6
09/04/06 14:00,13.9
09/04/06 15:00,11.5
09/04/06 16:00,7.1
09/04/06 17:00,3.2
09/04/06 18:00,0.0
09/04/06 19:00,0.0
09/04/06 20:00,0.0
09/04/06 21:00,0.0
09/04/06 22:00,0.0
09/04/06 23:00,0.0
09/05/06 00:00,0.0
09/05/06 01:00,0.0
09/05/06 02:00,0.0
09/05/06 03:00,0.0
09/05/06 04:00,0.0
09/05/06 05:00,0.0
09/05/06 06:00,0.0
09/05/06 07:00,1.5
09/05/06 08:00,7.8
09/05/06 09:00,12.7
09/05/06 10:00,16.8
09/05/06 11:00,20.3
09/05/06 12:00,16.3
09/05/06 13:00,16.0
09/05/06 14:00,12.3
09/05/06 15:00,12.3
09/05/06 16:00,8.2
09/05/06 17:00,3.4
09/05/06 18:00,0.1
09/05/06 19:00,0.0
09/05/06 20:00,0.0
09/05/06 21:00,0.0
09/05/06 22:00,0.0
09/05/06 23:00,0.0
09/06/06 00:00,0.0
09/06/06 01:00,0.0
09/06/06 02:00,0.0
09/06/06 03:00,0.0
09/06/06 04:00,0.0
09/06/06 05:00,0.0
09/06/06 06:00,0.0
09/06/06 07:00,1.4
09/06/06 08:00,8.3
09/06/06 09:00,13.7
09/06/06 10:00,19.2
09/06/06 11:00,22.0
09/06/06 12:00,16.7
09/06/06 13:00,17.3
09/06/06 14:00,15.8
09/06/06 15:00,10.8
09/06/06 16:00,10.8
09/06/06 17:00,4.0
09/06/06 18:00,0.1
09/06/06 19:00,0.0
09/06/06 20:00,0.0
09/06/06 21:00,0.0
09/06/06 22:00,0.0
09/06/06 23:00,0.0
09/07/06 00:00,0.0
09/07/06 01:00,0.0
09/07/06 02:00,0.0
09/07/06 03:00,0.0
09/07/06 04:00,0.0
09/07/06 05:00,0.0
09/07/06 06:00,0.0
09/07/06 07:00,0.0
09/07/06 08:00,3.7
09/07/06 09:00,11.3
09/07/06 10:00,17.2
09/07/06 11:00,20.9
09/07/06 12:00,22.2
09/07/06 13:00,20.2
09/07/06 14:00,16.3
09/07/06 15:00,11.9
09/07/06 16:00,8.7
09/07/06 17:00,4.5
09/07/06 18:00,0.0
09/07/06 19:00,0.0
09/07/06 20:00,0.0
09/07/06 21:00,0.0
09/07/06 22:00,0.0
09/07/06 23:00,0.0
09/08/06 00:00,0.0
09/08/06 01:00,0.0
09/08/06 02:00,0.0
09/08/06 03:00,0.0
09/08/06 04:00,0.0
09/08/06 05:00,0.0
09/08/06 06:00,0.0
09/08/06 07:00,1.1
09/08/06 08:00,8.2
09/08/06 09:00,13.6
09/08/06 10:00,18.2
09/08/06 11:00,19.9
09/08/06 12:00,17.5
09/08/06 13:00,17.9
09/08/06 14:00,16.0
09/08/06 15:00,15.5
09/08/06 16:00,11.2
09/08/06 17:00,5.1
09/08/06 18:00,0.0
09/08/06 19:00,0.0
09/08/06 20:00,0.0
09/08/06 21:00,0.0
09/08/06 22:00,0.0
09/08/06 23:00,0.0
09/09/06 00:00,0.0
09/09/06 01:00,0.0
09/09/06 02:00,0.0
09/09/06 03:00,0.0
09/09/06 04:00,0.0
09/09/06 05:00,0.0
09/09/06 06:00,0.0
09/09/06 07:00,0.0
09/09/06 08:00,0.0
09/09/06 09:00,0.0
09/09/06 10:00,0.2
09/09/06 11:00,1.5
09/09/06 12:00,5.1
09/09/06 13:00,4.4
09/09/06 14:00,13.3
09/09/06 15:00,11.0
09/09/06 16:00,4.5
09/09/06 17:00,3.6
09/09/06 18:00,0.0
09/09/06 19:00,0.0
09/09/06 20:00,0.0
09/09/06 21:00,0.0
09/09/06 22:00,0.0
09/09/06 23:00,0.0
09/10/06 00:00,0.0
09/10/06 01:00,0.0
09/10/06 02:00,0.0
09/10/06 03:00,0.0
09/10/06 04:00,0.0
09/10/06 05:00,0.0
09/10/06 06:00,0.0
09/10/06 07:00,0.1
09/10/06 08:00,4.2
09/10/06 09:00,10.0
09/10/06 10:00,14.2
09/10/06 11:00,15.3
09/10/06 12:00,15.5
09/10/06 13:00,15.5
09/10/06 14:00,12.8
09/10/06 15:00,12.7
09/10/06 16:00,7.4
09/10/06 17:00,4.2
09/10/06 18:00,0.0
09/10/06 19:00,0.0
09/10/06 20:00,0.0
09/10/06 21:00,0.0
09/10/06 22:00,0.0
09/10/06 23:00,0.0
09/11/06 00:00,0.0
09/11/06 01:00,0.0
09/11/06 02:00,0.0
09/11/06 03:00,0.0
09/11/06 04:00,0.0
09/11/06 05:00,0.0
09/11/06 06:00,0.0
09/11/06 07:00,0.8
09/11/06 08:00,7.7
09/11/06 09:00,10.8
09/11/06 10:00,16.5
09/11/06 11:00,17.7
09/11/06 12:00,15.8
09/11/06 13:00,15.0
09/11/06 14:00,4.8
09/11/06 15:00,2.0
09/11/06 16:00,0.7
09/11/06 17:00,0.0
09/11/06 18:00,0.0
09/11/06 19:00,0.0
09/11/06 20:00,0.0
09/11/06 21:00,0.0
09/11/06 22:00,0.0
09/11/06 23:00,0.0
09/12/06 00:00,0.0
09/12/06 01:00,0.0
09/12/06 02:00,0.0
09/12/06 03:00,0.0
09/12/06 04:00,0.0
09/12/06 05:00,0.0
09/12/06 06:00,0.0
09/12/06 07:00,0.0
09/12/06 08:00,0.0
09/12/06 09:00,0.4
09/12/06 10:00,5.0
09/12/06 11:00,0.0
09/12/06 12:00,12.7
09/12/06 13:00,8.9
09/12/06 14:00,6.8
09/12/06 15:00,6.7
09/12/06 16:00,6.0
09/12/06 17:00,0.6
09/12/06 18:00,0.0
09/12/06 19:00,0.0
09/12/06 20:00,0.0
09/12/06 21:00,0.0
09/12/06 22:00,0.0
09/12/06 23:00,0.0
09/13/06 00:00,0.0
09/13/06 01:00,0.0
09/13/06 02:00,0.0
09/13/06 03:00,0.0
09/13/06 04:00,0.0
09/13/06 05:00,0.0
09/13/06 06:00,0.0
09/13/06 07:00,0.0
09/13/06 08:00,0.0
09/13/06 09:00,4.1
09/13/06 10:00,5.6
09/13/06 11:00,5.8
09/13/06 12:00,3.1
09/13/06 13:00,3.3
09/13/06 14:00,3.3
09/13/06 15:00,3.9
09/13/06 16:00,0.4
09/13/06 17:00,0.0
09/13/06 18:00,0.0
09/13/06 19:00,0.0
09/13/06 20:00,0.0
09/13/06 21:00,0.0
09/13/06 22:00,0.0
09/13/06 23:00,0.0
09/14/06 00:00,0.0
09/14/06 01:00,0.0
09/14/06 02:00,0.0
09/14/06 03:00,0.0
09/14/06 04:00,0.0
09/14/06 05:00,0.0
09/14/06 06:00,0.0
09/14/06 07:00,0.0
09/14/06 08:00,0.5
09/14/06 09:00,4.7
09/14/06 10:00,9.2
09/14/06 11:00,14.6
09/14/06 12:00,8.7
09/14/06 13:00,13.9
09/14/06 14:00,13.2
09/14/06 15:00,10.8
09/14/06 16:00,7.1
09/14/06 17:00,4.6
09/14/06 18:00,0.0
09/14/06 19:00,0.0
09/14/06 20:00,0.0
09/14/06 21:00,0.0
09/14/06 22:00,0.0
09/14/06 23:00,0.0
09/15/06 00:00,0.0
09/15/06 01:00,0.0
09/15/06 02:00,0.0
09/15/06 03:00,0.0
09/15/06 04:00,0.0
09/15/06 05:00,0.0
09/15/06 06:00,0.0
09/15/06 07:00,0.0
09/15/06 08:00,3.5
09/15/06 09:00,6.8
09/15/06 10:00,12.1
09/15/06 11:00,14.3
09/15/06 12:00,11.8
09/15/06 13:00,10.4
09/15/06 14:00,9.7
09/15/06 15:00,8.8
09/15/06 16:00,7.2
09/15/06 17:00,4.5
09/15/06 18:00,0.0
09/15/06 19:00,0.0
09/15/06 20:00,0.0
09/15/06 21:00,0.0
09/15/06 22:00,0.0
09/15/06 23:00,0.0
09/16/06 00:00,0.0
09/16/06 01:00,0.0
09/16/06 02:00,0.0
09/16/06 03:00,0.0
09/16/06 04:00,0.0
09/16/06 05:00,0.0
09/16/06 06:00,0.0
09/16/06 07:00,0.4
09/16/06 08:00,8.1
09/16/06 09:00,11.5
09/16/06 10:00,13.5
09/16/06 11:00,14.7
09/16/06 12:00,15.4
09/16/06 13:00,13.5
09/16/06 14:00,11.4
09/16/06 15:00,10.4
09/16/06 16:00,6.1
09/16/06 17:00,2.2
09/16/06 18:00,0.0
09/16/06 19:00,0.0
09/16/06 20:00,0.0
09/16/06 21:00,0.0
09/16/06 22:00,0.0
09/16/06 23:00,0.0
09/17/06 00:00,0.0
09/17/06 01:00,0.0
09/17/06 02:00,0.0
09/17/06 03:00,0.0
09/17/06 04:00,0.0
09/17/06 05:00,0.0
09/17/06 06:00,0.0
09/17/06 07:00,0.3
09/17/06 08:00,8.0
09/17/06 09:00,14.0
09/17/06 10:00,17.3
09/17/06 11:00,17.4
09/17/06 12:00,22.2
09/17/06 13:00,21.9
09/17/06 14:00,17.8
09/17/06 15:00,11.1
09/17/06 16:00,6.0
09/17/06 17:00,3.3
09/17/06 18:00,0.0
09/17/06 19:00,0.0
09/17/06 20:00,0.0
09/17/06 21:00,0.0
09/17/06 22:00,0.0
09/17/06 23:00,0.0
09/18/06 00:00,0.0
09/18/06 01:00,0.0
09/18/06 02:00,0.0
09/18/06 03:00,0.0
09/18/06 04:00,0.0
09/18/06 05:00,0.0
09/18/06 06:00,0.0
09/18/06 07:00,0.1
09/18/06 08:00,0.9
09/18/06 09:00,0.0
09/18/06 10:00,3.1
09/18/06 11:00,0.0
09/18/06 12:00,0.0
09/18/06 13:00,0.2
09/18/06 14:00,3.8
09/18/06 15:00,8.5
09/18/06 16:00,4.9
09/18/06 17:00,2.4
09/18/06 18:00,0.0
09/18/06 19:00,0.0
09/18/06 20:00,0.0
09/18/06 21:00,0.0
09/18/06 22:00,0.0
09/18/06 23:00,0.0
09/19/06 00:00,0.0
09/19/06 01:00,0.0
09/19/06 02:00,0.0
09/19/06 03:00,0.0
09/19/06 04:00,0.0
09/19/06 05:00,0.0
09/19/06 06:00,0.0
09/19/06 07:00,0.3
09/19/06 08:00,8.1
09/19/06 09:00,12.8
09/19/06 10:00,16.6
09/19/06 11:00,15.1
09/19/06 12:00,14.8
09/19/06 13:00,14.9
09/19/06 14:00,13.4
09/19/06 15:00,10.4
09/19/06 16:00,6.3
09/19/06 17:00,2.4
09/19/06 18:00,0.0
09/19/06 19:00,0.0
09/19/06 20:00,0.0
09/19/06 21:00,0.0
09/19/06 22:00,0.0
09/19/06 23:00,0.0
09/20/06 00:00,0.0
09/20/06 01:00,0.0
09/20/06 02:00,0.0
09/20/06 03:00,0.0
09/20/06 04:00,0.0
09/20/06 05:00,0.0
09/20/06 06:00,0.0
09/20/06 07:00,0.2
09/20/06 08:00,5.8
09/20/06 09:00,12.5
09/20/06 10:00,16.6
09/20/06 11:00,15.6
09/20/06 12:00,19.7
09/20/06 13:00,16.3
09/20/06 14:00,7.7
09/20/06 15:00,9.1
09/20/06 16:00,4.4
09/20/06 17:00,3.7
09/20/06 18:00,0.0
09/20/06 19:00,0.0
09/20/06 20:00,0.0
09/20/06 21:00,0.0
09/20/06 22:00,0.0
09/20/06 23:00,0.0
09/21/06 00:00,0.0
09/21/06 01:00,0.0
09/21/06 02:00,0.0
09/21/06 03:00,0.0
09/21/06 04:00,0.0
09/21/06 05:00,0.0
09/21/06 06:00,0.0
09/21/06 07:00,0.2
09/21/06 08:00,7.9
09/21/06 09:00,15.8
09/21/06 10:00,14.7
09/21/06 11:00,19.0
09/21/06 12:00,19.4
09/21/06 13:00,19.2
09/21/06 14:00,15.7
09/21/06 15:00,14.6
09/21/06 16:00,9.0
09/21/06 17:00,3.7
09/21/06 18:00,0.0
09/21/06 19:00,0.0
09/21/06 20:00,0.0
09/21/06 21:00,0.0
09/21/06 22:00,0.0
09/21/06 23:00,0.0
09/22/06 00:00,0.0
09/22/06 01:00,0.0
09/22/06 02:00,0.0
09/22/06 03:00,0.0
09/22/06 04:00,0.0
09/22/06 05:00,0.0
09/22/06 06:00,0.0
09/22/06 07:00,0.1
09/22/06 08:00,4.9
09/22/06 09:00,6.4
09/22/06 10:00,9.8
09/22/06 11:00,12.3
09/22/06 12:00,14.9
09/22/06 13:00,14.0
09/22/06 14:00,6.5
09/22/06 15:00,7.0
09/22/06 16:00,6.1
09/22/06 17:00,0.0
09/22/06 18:00,0.0
09/22/06 19:00,0.0
09/22/06 20:00,0.0
09/22/06 21:00,0.0
09/22/06 22:00,0.0
09/22/06 23:00,0.0
09/23/06 00:00,0.0
09/23/06 01:00,0.0
09/23/06 02:00,0.0
09/23/06 03:00,0.0
09/23/06 04:00,0.0
09/23/06 05:00,0.0
09/23/06 06:00,0.0
09/23/06 07:00,0.0
09/23/06 08:00,1.0
09/23/06 09:00,4.4
09/23/06 10:00,9.9
09/23/06 11:00,14.5
09/23/06 12:00,15.3
09/23/06 13:00,14.2
09/23/06 14:00,11.4
09/23/06 15:00,8.1
09/23/06 16:00,4.6
09/23/06 17:00,0.5
09/23/06 18:00,0.0
09/23/06 19:00,0.0
09/23/06 20:00,0.0
09/23/06 21:00,0.0
09/23/06 22:00,0.0
09/23/06 23:00,0.0
09/24/06 00:00,0.0
09/24/06 01:00,0.0
09/24/06 02:00,0.0
09/24/06 03:00,0.0
09/24/06 04:00,0.0
09/24/06 05:00,0.0
09/24/06 06:00,0.0
09/24/06 07:00,0.0
09/24/06 08:00,5.3
09/24/06 09:00,10.0
09/24/06 10:00,15.7
09/24/06 11:00,9.6
09/24/06 12:00,13.9
09/24/06 13:00,13.8
09/24/06 14:00,9.6
09/24/06 15:00,9.5
09/24/06 16:00,0.0
09/24/06 17:00,0.0
09/24/06 18:00,0.0
09/24/06 19:00,0.0
09/24/06 20:00,0.0
09/24/06 21:00,0.0
09/24/06 22:00,0.0
09/24/06 23:00,0.0
09/25/06 00:00,0.0
09/25/06 01:00,0.0
09/25/06 02:00,0.0
09/25/06 03:00,0.0
09/25/06 04:00,0.0
09/25/06 05:00,0.0
09/25/06 06:00,0.0
09/25/06 07:00,0.0
09/25/06 08:00,7.3
09/25/06 09:00,14.2
09/25/06 10:00,19.2
09/25/06 11:00,14.4
09/25/06 12:00,11.2
09/25/06 13:00,11.3
09/25/06 14:00,11.7
09/25/06 15:00,10.6
09/25/06 16:00,6.4
09/25/06 17:00,0.5
09/25/06 18:00,0.0
09/25/06 19:00,0.0
09/25/06 20:00,0.0
09/25/06 21:00,0.0
09/25/06 22:00,0.0
09/25/06 23:00,0.0
09/26/06 00:00,0.0
09/26/06 01:00,0.0
09/26/06 02:00,0.0
09/26/06 03:00,0.0
09/26/06 04:00,0.0
09/26/06 05:00,0.0
09/26/06 06:00,0.0
09/26/06 07:00,0.0
09/26/06 08:00,7.9
09/26/06 09:00,14.4
09/26/06 10:00,18.3
09/26/06 11:00,20.2
09/26/06 12:00,18.8
09/26/06 13:00,21.2
09/26/06 14:00,17.3
09/26/06 15:00,13.5
09/26/06 16:00,8.3
09/26/06 17:00,3.2
09/26/06 18:00,0.0
09/26/06 19:00,0.0
09/26/06 20:00,0.0
09/26/06 21:00,0.0
09/26/06 22:00,0.0
09/26/06 23:00,0.0
09/27/06 00:00,0.0
09/27/06 01:00,0.0
09/27/06 02:00,0.0
09/27/06 03:00,0.0
09/27/06 04:00,0.0
09/27/06 05:00,0.0
09/27/06 06:00,0.0
09/27/06 07:00,0.0
09/27/06 08:00,4.1
09/27/06 09:00,11.4
09/27/06 10:00,13.9
09/27/06 11:00,13.0
09/27/06 12:00,17.5
09/27/06 13:00,14.4
09/27/06 14:00,9.5
09/27/06 15:00,8.9
09/27/06 16:00,3.0
09/27/06 17:00,0.6
09/27/06 18:00,0.0
09/27/06 19:00,0.0
09/27/06 20:00,0.0
09/27/06 21:00,0.0
09/27/06 22:00,0.0
09/27/06 23:00,0.0
09/28/06 00:00,0.0
09/28/06 01:00,0.0
09/28/06 02:00,0.0
09/28/06 03:00,0.0
09/28/06 04:00,0.0
09/28/06 05:00,0.0
09/28/06 06:00,0.0
09/28/06 07:00,0.0
09/28/06 08:00,0.3
09/28/06 09:00,3.3
09/28/06 10:00,7.5
09/28/06 11:00,16.9
09/28/06 12:00,7.8
09/28/06 13:00,14.9
09/28/06 14:00,12.5
09/28/06 15:00,14.6
09/28/06 16:00,7.6
09/28/06 17:00,2.7
09/28/06 18:00,0.0
09/28/06 19:00,0.0
09/28/06 20:00,0.0
09/28/06 21:00,0.0
09/28/06 22:00,0.0
09/28/06 23:00,0.0
09/29/06 00:00,0.0
09/29/06 01:00,0.0
09/29/06 02:00,0.0
09/29/06 03:00,0.0
09/29/06 04:00,0.0
09/29/06 05:00,0.0
09/29/06 06:00,0.0
09/29/06 07:00,0.0
09/29/06 08:00,8.7
09/29/06 09:00,13.6
09/29/06 10:00,14.4
09/29/06 11:00,19.0
09/29/06 12:00,20.3
09/29/06 13:00,14.7
09/29/06 14:00,10.8
09/29/06 15:00,7.8
09/29/06 16:00,4.7
09/29/06 17:00,1.9
09/29/06 18:00,0.0
09/29/06 19:00,0.0
09/29/06 20:00,0.0
09/29/06 21:00,0.0
09/29/06 22:00,0.0
09/29/06 23:00,0.0
09/30/06 00:00,0.0
09/30/06 01:00,0.0
09/30/06 02:00,0.0
09/30/06 03:00,0.0
09/30/06 04:00,0.0
09/30/06 05:00,0.0
09/30/06 06:00,0.0
09/30/06 07:00,0.0
09/30/06 08:00,0.0
09/30/06 09:00,0.0
09/30/06 10:00,0.2
09/30/06 11:00,14.1
09/30/06 12:00,9.6
09/30/06 13:00,10.5
09/30/06 14:00,11.8
09/30/06 15:00,5.4
09/30/06 16:00,5.7
09/30/06 17:00,1.1
09/30/06 18:00,0.0
09/30/06 19:00,0.0
09/30/06 20:00,0.0
09/30/06 21:00,0.0
09/30/06 22:00,0.0
09/30/06 23:00,0.0
10/01/06 00:00,0.0
10/01/06 01:00,0.0
10/01/06 02:00,0.0
10/01/06 03:00,0.0
10/01/06 04:00,0.0
10/01/06 05:00,0.0
10/01/06 06:00,0.0
10/01/06 07:00,0.0
10/01/06 08:00,0.2
10/01/06 09:00,2.9
10/01/06 10:00,6.5
10/01/06 11:00,13.5
10/01/06 12:00,21.5
10/01/06 13:00,16.5
10/01/06 14:00,17.3
10/01/06 15:00,13.1
10/01/06 16:00,7.8
10/01/06 17:00,2.0
10/01/06 18:00,0.0
10/01/06 19:00,0.0
10/01/06 20:00,0.0
10/01/06 21:00,0.0
10/01/06 22:00,0.0
10/01/06 23:00,0.0
10/02/06 00:00,0.0
10/02/06 01:00,0.0
10/02/06 02:00,0.0
10/02/06 03:00,0.0
10/02/06 04:00,0.0
10/02/06 05:00,0.0
10/02/06 06:00,0.0
10/02/06 07:00,0.0
10/02/06 08:00,0.4
10/02/06 09:00,5.3
10/02/06 10:00,11.8
10/02/06 11:00,15.1
10/02/06 12:00,15.3
10/02/06 13:00,13.7
10/02/06 14:00,11.6
10/02/06 15:00,10.2
10/02/06 16:00,4.5
10/02/06 17:00,1.8
10/02/06 18:00,0.0
10/02/06 19:00,0.0
10/02/06 20:00,0.0
10/02/06 21:00,0.0
10/02/06 22:00,0.0
10/02/06 23:00,0.0
10/03/06 00:00,0.0
10/03/06 01:00,0.0
10/03/06 02:00,0.0
10/03/06 03:00,0.0
10/03/06 04:00,0.0
10/03/06 05:00,0.0
10/03/06 06:00,0.0
10/03/06 07:00,0.0
10/03/06 08:00,3.4
10/03/06 09:00,12.2
10/03/06 10:00,17.0
10/03/06 11:00,17.7
10/03/06 12:00,20.5
10/03/06 13:00,17.1
10/03/06 14:00,12.1
10/03/06 15:00,12.3
10/03/06 16:00,6.7
10/03/06 17:00,1.2
10/03/06 18:00,0.0
10/03/06 19:00,0.0
10/03/06 20:00,0.0
10/03/06 21:00,0.0
10/03/06 22:00,0.0
10/03/06 23:00,0.0
10/04/06 00:00,0.0
10/04/06 01:00,0.0
10/04/06 02:00,0.0
10/04/06 03:00,0.0
10/04/06 04:00,0.0
10/04/06 05:00,0.0
10/04/06 06:00,0.0
10/04/06 07:00,0.0
10/04/06 08:00,1.0
10/04/06 09:00,9.7
10/04/06 10:00,11.5
10/04/06 11:00,11.2
10/04/06 12:00,11.7
10/04/06 13:00,11.4
10/04/06 14:00,4.5
10/04/06 15:00,0.4
10/04/06 16:00,1.0
10/04/06 17:00,0.1
10/04/06 18:00,0.0
10/04/06 19:00,0.0
10/04/06 20:00,0.0
10/04/06 21:00,0.0
10/04/06 22:00,0.0
10/04/06 23:00,0.0
10/05/06 00:00,0.0
10/05/06 01:00,0.0
10/05/06 02:00,0.0
10/05/06 03:00,0.0
10/05/06 04:00,0.0
10/05/06 05:00,0.0
10/05/06 06:00,0.0
10/05/06 07:00,0.0
10/05/06 08:00,3.8
10/05/06 09:00,8.4
10/05/06 10:00,12.4
10/05/06 11:00,12.8
10/05/06 12:00,13.4
10/05/06 13:00,15.1
10/05/06 14:00,12.0
10/05/06 15:00,8.2
10/05/06 16:00,4.8
10/05/06 17:00,1.0
10/05/06 18:00,0.0
10/05/06 19:00,0.0
10/05/06 20:00,0.0
10/05/06 21:00,0.0
10/05/06 22:00,0.0
10/05/06 23:00,0.0
10/06/06 00:00,0.0
10/06/06 01:00,0.0
10/06/06 02:00,0.0
10/06/06 03:00,0.0
10/06/06 04:00,0.0
10/06/06 05:00,0.0
10/06/06 06:00,0.0
10/06/06 07:00,0.0
10/06/06 08:00,7.1
10/06/06 09:00,15.1
10/06/06 10:00,17.9
10/06/06 11:00,21.8
10/06/06 12:00,22.1
10/06/06 13:00,18.7
10/06/06 14:00,17.0
10/06/06 15:00,11.7
10/06/06 16:00,7.0
10/06/06 17:00,1.0
10/06/06 18:00,0.0
10/06/06 19:00,0.0
10/06/06 20:00,0.0
10/06/06 21:00,0.0
10/06/06 22:00,0.0
10/06/06 23:00,0.0
10/07/06 00:00,0.0
10/07/06 01:00,0.0
10/07/06 02:00,0.0
10/07/06 03:00,0.0
10/07/06 04:00,0.0
10/07/06 05:00,0.0
10/07/06 06:00,0.0
10/07/06 07:00,0.0
10/07/06 08:00,6.5
10/07/06 09:00,13.1
10/07/06 10:00,13.5
10/07/06 11:00,21.5
10/07/06 12:00,22.6
10/07/06 13:00,20.6
10/07/06 14:00,17.6
10/07/06 15:00,12.0
10/07/06 16:00,6.5
10/07/06 17:00,0.9
10/07/06 18:00,0.0
10/07/06 19:00,0.0
10/07/06 20:00,0.0
10/07/06 21:00,0.0
10/07/06 22:00,0.0
10/07/06 23:00,0.0
10/08/06 00:00,0.0
10/08/06 01:00,0.0
10/08/06 02:00,0.0
10/08/06 03:00,0.0
10/08/06 04:00,0.0
10/08/06 05:00,0.0
10/08/06 06:00,0.0
10/08/06 07:00,0.0
10/08/06 08:00,6.8
10/08/06 09:00,14.3
10/08/06 10:00,17.7
10/08/06 11:00,21.0
10/08/06 12:00,22.0
10/08/06 13:00,20.7
10/08/06 14:00,16.8
10/08/06 15:00,11.6
10/08/06 16:00,6.3
10/08/06 17:00,0.5
10/08/06 18:00,0.0
10/08/06 19:00,0.0
10/08/06 20:00,0.0
10/08/06 21:00,0.0
10/08/06 22:00,0.0
10/08/06 23:00,0.0
10/09/06 00:00,0.0
10/09/06 01:00,0.0
10/09/06 02:00,0.0
10/09/06 03:00,0.0
10/09/06 04:00,0.0
10/09/06 05:00,0.0
10/09/06 06:00,0.0
10/09/06 07:00,0.0
10/09/06 08:00,3.8
10/09/06 09:00,7.3
10/09/06 10:00,11.1
10/09/06 11:00,15.1
10/09/06 12:00,17.2
10/09/06 13:00,15.4
10/09/06 14:00,9.3
10/09/06 15:00,0.5
10/09/06 16:00,0.0
10/09/06 17:00,0.0
10/09/06 18:00,0.0
10/09/06 19:00,0.0
10/09/06 20:00,0.0
10/09/06 21:00,0.0
10/09/06 22:00,0.0
10/09/06 23:00,0.0
10/10/06 00:00,0.0
10/10/06 01:00,0.0
10/10/06 02:00,0.0
10/10/06 03:00,0.0
10/10/06 04:00,0.0
10/10/06 05:00,0.0
10/10/06 06:00,0.0
10/10/06 07:00,0.0
10/10/06 08:00,0.0
10/10/06 09:00,0.0
10/10/06 10:00,0.1
10/10/06 11:00,3.5
10/10/06 12:00,4.5
10/10/06 13:00,1.5
10/10/06 14:00,0.6
10/10/06 15:00,3.0
10/10/06 16:00,0.0
10/10/06 17:00,0.0
10/10/06 18:00,0.0
10/10/06 19:00,0.0
10/10/06 20:00,0.0
10/10/06 21:00,0.0
10/10/06 22:00,0.0
10/10/06 23:00,0.0
10/11/06 00:00,0.0
10/11/06 01:00,0.0
10/11/06 02:00,0.0
10/11/06 03:00,0.0
10/11/06 04:00,0.0
10/11/06 05:00,0.0
10/11/06 06:00,0.0
10/11/06 07:00,0.0
10/11/06 08:00,0.0
10/11/06 09:00,1.0
10/11/06 10:00,8.1
10/11/06 11:00,3.5
10/11/06 12:00,8.2
10/11/06 13:00,4.7
10/11/06 14:00,8.9
10/11/06 15:00,8.3
10/11/06 16:00,4.3
10/11/06 17:00,0.1
10/11/06 18:00,0.0
10/11/06 19:00,0.0
10/11/06 20:00,0.0
10/11/06 21:00,0.0
10/11/06 22:00,0.0
10/11/06 23:00,0.0
10/12/06 00:00,0.0
10/12/06 01:00,0.0
10/12/06 02:00,0.0
10/12/06 03:00,0.0
10/12/06 04:00,0.0
10/12/06 05:00,0.0
10/12/06 06:00,0.0
10/12/06 07:00,0.0
10/12/06 08:00,6.1
10/12/06 09:00,12.2
10/12/06 10:00,11.2
10/12/06 11:00,14.7
10/12/06 12:00,15.3
10/12/06 13:00,13.5
10/12/06 14:00,12.9
10/12/06 15:00,7.2
10/12/06 16:00,7.0
10/12/06 17:00,0.3
10/12/06 18:00,0.0
10/12/06 19:00,0.0
10/12/06 20:00,0.0
10/12/06 21:00,0.0
10/12/06 22:00,0.0
10/12/06 23:00,0.0
10/13/06 00:00,0.0
10/13/06 01:00,0.0
10/13/06 02:00,0.0
10/13/06 03:00,0.0
10/13/06 04:00,0.0
10/13/06 05:00,0.0
10/13/06 06:00,0.0
10/13/06 07:00,0.0
10/13/06 08:00,6.0
10/13/06 09:00,11.1
10/13/06 10:00,14.1
10/13/06 11:00,14.5
10/13/06 12:00,14.9
10/13/06 13:00,14.6
10/13/06 14:00,7.2
10/13/06 15:00,8.7
10/13/06 16:00,3.6
10/13/06 17:00,0.7
10/13/06 18:00,0.0
10/13/06 19:00,0.0
10/13/06 20:00,0.0
10/13/06 21:00,0.0
10/13/06 22:00,0.0
10/13/06 23:00,0.0
10/14/06 00:00,0.0
10/14/06 01:00,0.0
10/14/06 02:00,0.0
10/14/06 03:00,0.0
10/14/06 04:00,0.0
10/14/06 05:00,0.0
10/14/06 06:00,0.0
10/14/06 07:00,0.0
10/14/06 08:00,3.5
10/14/06 09:00,10.2
10/14/06 10:00,16.2
10/14/06 11:00,14.9
10/14/06 12:00,18.1
10/14/06 13:00,16.4
10/14/06 14:00,15.6
10/14/06 15:00,10.7
10/14/06 16:00,4.7
10/14/06 17:00,0.1
10/14/06 18:00,0.0
10/14/06 19:00,0.0
10/14/06 20:00,0.0
10/14/06 21:00,0.0
10/14/06 22:00,0.0
10/14/06 23:00,0.0
10/15/06 00:00,0.0
10/15/06 01:00,0.0
10/15/06 02:00,0.0
10/15/06 03:00,0.0
10/15/06 04:00,0.0
10/15/06 05:00,0.0
10/15/06 06:00,0.0
10/15/06 07:00,0.0
10/15/06 08:00,6.3
10/15/06 09:00,13.5
10/15/06 10:00,18.0
10/15/06 11:00,21.8
10/15/06 12:00,21.1
10/15/06 13:00,12.8
10/15/06 14:00,17.1
10/15/06 15:00,10.3
10/15/06 16:00,5.5
10/15/06 17:00,0.1
10/15/06 18:00,0.0
10/15/06 19:00,0.0
10/15/06 20:00,0.0
10/15/06 21:00,0.0
10/15/06 22:00,0.0
10/15/06 23:00,0.0
10/16/06 00:00,0.0
10/16/06 01:00,0.0
10/16/06 02:00,0.0
10/16/06 03:00,0.0
10/16/06 04:00,0.0
10/16/06 05:00,0.0
10/16/06 06:00,0.0
10/16/06 07:00,0.0
10/16/06 08:00,0.0
10/16/06 09:00,0.2
10/16/06 10:00,0.1
10/16/06 11:00,1.9
10/16/06 12:00,8.1
10/16/06 13:00,7.7
10/16/06 14:00,6.3
10/16/06 15:00,2.4
10/16/06 16:00,0.3
10/16/06 17:00,0.0
10/16/06 18:00,0.0
10/16/06 19:00,0.0
10/16/06 20:00,0.0
10/16/06 21:00,0.0
10/16/06 22:00,0.0
10/16/06 23:00,0.0
10/17/06 00:00,0.0
10/17/06 01:00,0.0
10/17/06 02:00,0.0
10/17/06 03:00,0.0
10/17/06 04:00,0.0
10/17/06 05:00,0.0
10/17/06 06:00,0.0
10/17/06 07:00,0.0
10/17/06 08:00,0.0
10/17/06 09:00,0.0
10/17/06 10:00,0.0
10/17/06 11:00,0.0
10/17/06 12:00,0.1
10/17/06 13:00,0.0
10/17/06 14:00,0.3
10/17/06 15:00,4.0
10/17/06 16:00,3.5
10/17/06 17:00,0.0
10/17/06 18:00,0.0
10/17/06 19:00,0.0
10/17/06 20:00,0.0
10/17/06 21:00,0.0
10/17/06 22:00,0.0
10/17/06 23:00,0.0
10/18/06 00:00,0.0
10/18/06 01:00,0.0
10/18/06 02:00,0.0
10/18/06 03:00,0.0
10/18/06 04:00,0.0
10/18/06 05:00,0.0
10/18/06 06:00,0.0
10/18/06 07:00,0.0
10/18/06 08:00,4.9
10/18/06 09:00,4.7
10/18/06 10:00,5.6
10/18/06 11:00,12.6
10/18/06 12:00,8.5
10/18/06 13:00,12.2
10/18/06 14:00,9.4
10/18/06 15:00,6.7
10/18/06 16:00,5.4
10/18/06 17:00,0.0
10/18/06 18:00,0.0
10/18/06 19:00,0.0
10/18/06 20:00,0.0
10/18/06 21:00,0.0
10/18/06 22:00,0.0
10/18/06 23:00,0.0
10/19/06 00:00,0.0
10/19/06 01:00,0.0
10/19/06 02:00,0.0
10/19/06 03:00,0.0
10/19/06 04:00,0.0
10/19/06 05:00,0.0
10/19/06 06:00,0.0
10/19/06 07:00,0.0
10/19/06 08:00,0.8
10/19/06 09:00,9.2
10/19/06 10:00,12.8
10/19/06 11:00,13.5
10/19/06 12:00,12.8
10/19/06 13:00,11.2
10/19/06 14:00,9.1
10/19/06 15:00,5.2
10/19/06 16:00,1.8
10/19/06 17:00,0.0
10/19/06 18:00,0.0
10/19/06 19:00,0.0
10/19/06 20:00,0.0
10/19/06 21:00,0.0
10/19/06 22:00,0.0
10/19/06 23:00,0.0
10/20/06 00:00,0.0
10/20/06 01:00,0.0
10/20/06 02:00,0.0
10/20/06 03:00,0.0
10/20/06 04:00,0.0
10/20/06 05:00,0.0
10/20/06 06:00,0.0
10/20/06 07:00,0.0
10/20/06 08:00,3.1
10/20/06 09:00,9.8
10/20/06 10:00,13.3
10/20/06 11:00,13.8
10/20/06 12:00,13.6
10/20/06 13:00,12.0
10/20/06 14:00,8.9
10/20/06 15:00,8.0
10/20/06 16:00,0.8
10/20/06 17:00,0.0
10/20/06 18:00,0.0
10/20/06 19:00,0.0
10/20/06 20:00,0.0
10/20/06 21:00,0.0
10/20/06 22:00,0.0
10/20/06 23:00,0.0
10/21/06 00:00,0.0
10/21/06 01:00,0.0
10/21/06 02:00,0.0
10/21/06 03:00,0.0
10/21/06 04:00,0.0
10/21/06 05:00,0.0
10/21/06 06:00,0.0
10/21/06 07:00,0.0
10/21/06 08:00,4.8
10/21/06 09:00,9.9
10/21/06 10:00,10.9
10/21/06 11:00,8.6
10/21/06 12:00,14.2
10/21/06 13:00,12.1
10/21/06 14:00,9.3
10/21/06 15:00,7.2
10/21/06 16:00,3.4
10/21/06 17:00,0.0
10/21/06 18:00,0.0
10/21/06 19:00,0.0
10/21/06 20:00,0.0
10/21/06 21:00,0.0
10/21/06 22:00,0.0
10/21/06 23:00,0.0
10/22/06 00:00,0.0
10/22/06 01:00,0.0
10/22/06 02:00,0.0
10/22/06 03:00,0.0
10/22/06 04:00,0.0
10/22/06 05:00,0.0
10/22/06 06:00,0.0
10/22/06 07:00,0.0
10/22/06 08:00,0.0
10/22/06 09:00,0.2
10/22/06 10:00,9.3
10/22/06 11:00,5.4
10/22/06 12:00,7.1
10/22/06 13:00,5.8
10/22/06 14:00,6.8
10/22/06 15:00,6.4
10/22/06 16:00,0.1
10/22/06 17:00,0.0
10/22/06 18:00,0.0
10/22/06 19:00,0.0
10/22/06 20:00,0.0
10/22/06 21:00,0.0
10/22/06 22:00,0.0
10/22/06 23:00,0.0
10/23/06 00:00,0.0
10/23/06 01:00,0.0
10/23/06 02:00,0.0
10/23/06 03:00,0.0
10/23/06 04:00,0.0
10/23/06 05:00,0.0
10/23/06 06:00,0.0
10/23/06 07:00,0.0
10/23/06 08:00,4.9
10/23/06 09:00,10.3
10/23/06 10:00,13.6
10/23/06 11:00,14.7
10/23/06 12:00,14.3
10/23/06 13:00,10.6
10/23/06 14:00,9.1
10/23/06 15:00,6.8
10/23/06 16:00,2.8
10/23/06 17:00,0.0
10/23/06 18:00,0.0
10/23/06 19:00,0.0
10/23/06 20:00,0.0
10/23/06 21:00,0.0
10/23/06 22:00,0.0
10/23/06 23:00,0.0
10/24/06 00:00,0.0
10/24/06 01:00,0.0
10/24/06 02:00,0.0
10/24/06 03:00,0.0
10/24/06 04:00,0.0
10/24/06 05:00,0.0
10/24/06 06:00,0.0
10/24/06 07:00,0.0
10/24/06 08:00,4.7
10/24/06 09:00,10.7
10/24/06 10:00,15.9
10/24/06 11:00,15.2
10/24/06 12:00,15.0
10/24/06 13:00,11.9
10/24/06 14:00,9.5
10/24/06 15:00,6.2
10/24/06 16:00,2.8
10/24/06 17:00,0.0
10/24/06 18:00,0.0
10/24/06 19:00,0.0
10/24/06 20:00,0.0
10/24/06 21:00,0.0
10/24/06 22:00,0.0
10/24/06 23:00,0.0
10/25/06 00:00,0.0
10/25/06 01:00,0.0
10/25/06 02:00,0.0
10/25/06 03:00,0.0
10/25/06 04:00,0.0
10/25/06 05:00,0.0
10/25/06 06:00,0.0
10/25/06 07:00,0.0
10/25/06 08:00,4.8
10/25/06 09:00,10.4
10/25/06 10:00,13.4
10/25/06 11:00,14.9
10/25/06 12:00,13.2
10/25/06 13:00,11.5
10/25/06 14:00,11.7
10/25/06 15:00,6.4
10/25/06 16:00,3.0
10/25/06 17:00,0.0
10/25/06 18:00,0.0
10/25/06 19:00,0.0
10/25/06 20:00,0.0
10/25/06 21:00,0.0
10/25/06 22:00,0.0
10/25/06 23:00,0.0
10/26/06 00:00,0.0
10/26/06 01:00,0.0
10/26/06 02:00,0.0
10/26/06 03:00,0.0
10/26/06 04:00,0.0
10/26/06 05:00,0.0
10/26/06 06:00,0.0
10/26/06 07:00,0.0
10/26/06 08:00,4.4
10/26/06 09:00,12.8
10/26/06 10:00,11.1
10/26/06 11:00,15.6
10/26/06 12:00,12.0
10/26/06 13:00,10.4
10/26/06 14:00,12.1
10/26/06 15:00,5.0
10/26/06 16:00,1.4
10/26/06 17:00,0.0
10/26/06 18:00,0.0
10/26/06 19:00,0.0
10/26/06 20:00,0.0
10/26/06 21:00,0.0
10/26/06 22:00,0.0
10/26/06 23:00,0.0
10/27/06 00:00,0.0
10/27/06 01:00,0.0
10/27/06 02:00,0.0
10/27/06 03:00,0.0
10/27/06 04:00,0.0
10/27/06 05:00,0.0
10/27/06 06:00,0.0
10/27/06 07:00,0.0
10/27/06 08:00,0.0
10/27/06 09:00,0.0
10/27/06 10:00,0.0
10/27/06 11:00,0.0
10/27/06 12:00,0.2
10/27/06 13:00,0.1
10/27/06 14:00,0.0
10/27/06 15:00,0.0
10/27/06 16:00,0.0
10/27/06 17:00,0.0
10/27/06 18:00,0.0
10/27/06 19:00,0.0
10/27/06 20:00,0.0
10/27/06 21:00,0.0
10/27/06 22:00,0.0
10/27/06 23:00,0.0
10/28/06 00:00,0.0
10/28/06 01:00,0.0
10/28/06 02:00,0.0
10/28/06 03:00,0.0
10/28/06 04:00,0.0
10/28/06 05:00,0.0
10/28/06 06:00,0.0
10/28/06 07:00,0.0
10/28/06 08:00,0.1
10/28/06 09:00,3.7
10/28/06 10:00,5.5
10/28/06 11:00,6.4
10/28/06 12:00,5.3
10/28/06 13:00,7.2
10/28/06 14:00,5.5
10/28/06 15:00,1.8
10/28/06 16:00,0.3
10/28/06 17:00,0.0
10/28/06 18:00,0.0
10/28/06 19:00,0.0
10/28/06 20:00,0.0
10/28/06 21:00,0.0
10/28/06 22:00,0.0
10/28/06 23:00,0.0
10/29/06 00:00,0.0
10/29/06 01:00,0.0
10/29/06 02:00,0.0
10/29/06 03:00,0.0
10/29/06 04:00,0.0
10/29/06 05:00,0.0
10/29/06 06:00,0.0
10/29/06 07:00,0.0
10/29/06 08:00,4.2
10/29/06 09:00,12.5
10/29/06 10:00,16.9
10/29/06 11:00,20.4
10/29/06 12:00,19.8
10/29/06 13:00,17.9
10/29/06 14:00,14.0
10/29/06 15:00,9.3
10/29/06 16:00,4.3
10/29/06 17:00,0.0
10/29/06 18:00,0.0
10/29/06 19:00,0.0
10/29/06 20:00,0.0
10/29/06 21:00,0.0
10/29/06 22:00,0.0
10/29/06 23:00,0.0
10/30/06 00:00,0.0
10/30/06 01:00,0.0
10/30/06 02:00,0.0
10/30/06 03:00,0.0
10/30/06 04:00,0.0
10/30/06 05:00,0.0
10/30/06 06:00,0.0
10/30/06 07:00,0.0
10/30/06 08:00,3.1
10/30/06 09:00,10.1
10/30/06 10:00,15.1
10/30/06 11:00,15.5
10/30/06 12:00,16.9
10/30/06 13:00,17.6
10/30/06 14:00,11.7
10/30/06 15:00,8.0
10/30/06 16:00,3.2
10/30/06 17:00,0.0
10/30/06 18:00,0.0
10/30/06 19:00,0.0
10/30/06 20:00,0.0
10/30/06 21:00,0.0
10/30/06 22:00,0.0
10/30/06 23:00,0.0
10/31/06 00:00,0.0
10/31/06 01:00,0.0
10/31/06 02:00,0.0
10/31/06 03:00,0.0
10/31/06 04:00,0.0
10/31/06 05:00,0.0
10/31/06 06:00,0.0
10/31/06 07:00,0.0
10/31/06 08:00,0.0
10/31/06 09:00,0.1
10/31/06 10:00,0.5
10/31/06 11:00,7.7
10/31/06 12:00,4.5
10/31/06 13:00,7.5
10/31/06 14:00,12.2
10/31/06 15:00,7.6
10/31/06 16:00,2.8
10/31/06 17:00,0.0
10/31/06 18:00,0.0
10/31/06 19:00,0.0
10/31/06 20:00,0.0
10/31/06 21:00,0.0
10/31/06 22:00,0.0
10/31/06 23:00,0.0
11/01/06 00:00,0.0
11/01/06 01:00,0.0
11/01/06 02:00,0.0
11/01/06 03:00,0.0
11/01/06 04:00,0.0
11/01/06 05:00,0.0
11/01/06 06:00,0.0
11/01/06 07:00,0.0
11/01/06 08:00,0.8
11/01/06 09:00,8.4
11/01/06 10:00,13.6
11/01/06 11:00,14.6
11/01/06 12:00,20.3
11/01/06 13:00,15.5
11/01/06 14:00,11.1
11/01/06 15:00,6.2
11/01/06 16:00,2.5
11/01/06 17:00,0.0
11/01/06 18:00,0.0
11/01/06 19:00,0.0
11/01/06 20:00,0.0
11/01/06 21:00,0.0
11/01/06 22:00,0.0
11/01/06 23:00,0.0
11/02/06 00:00,0.0
11/02/06 01:00,0.0
11/02/06 02:00,0.0
11/02/06 03:00,0.0
11/02/06 04:00,0.0
11/02/06 05:00,0.0
11/02/06 06:00,0.0
11/02/06 07:00,0.0
11/02/06 08:00,4.1
11/02/06 09:00,10.1
11/02/06 10:00,13.6
11/02/06 11:00,12.0
11/02/06 12:00,14.1
11/02/06 13:00,12.9
11/02/06 14:00,10.8
11/02/06 15:00,6.8
11/02/06 16:00,4.7
11/02/06 17:00,0.0
11/02/06 18:00,0.0
11/02/06 19:00,0.0
11/02/06 20:00,0.0
11/02/06 21:00,0.0
11/02/06 22:00,0.0
11/02/06 23:00,0.0
11/03/06 00:00,0.0
11/03/06 01:00,0.0
11/03/06 02:00,0.0
11/03/06 03:00,0.0
11/03/06 04:00,0.0
11/03/06 05:00,0.0
11/03/06 06:00,0.0
11/03/06 07:00,0.0
11/03/06 08:00,3.5
11/03/06 09:00,9.9
11/03/06 10:00,12.7
11/03/06 11:00,13.9
11/03/06 12:00,13.9
11/03/06 13:00,13.1
11/03/06 14:00,10.0
11/03/06 15:00,7.3
11/03/06 16:00,2.5
11/03/06 17:00,0.0
11/03/06 18:00,0.0
11/03/06 19:00,0.0
11/03/06 20:00,0.0
11/03/06 21:00,0.0
11/03/06 22:00,0.0
11/03/06 23:00,0.0
11/04/06 00:00,0.0
11/04/06 01:00,0.0
11/04/06 02:00,0.0
11/04/06 03:00,0.0
11/04/06 04:00,0.0
11/04/06 05:00,0.0
11/04/06 06:00,0.0
11/04/06 07:00,0.0
11/04/06 08:00,0.1
11/04/06 09:00,9.7
11/04/06 10:00,12.8
11/04/06 11:00,10.8
11/04/06 12:00,9.4
11/04/06 13:00,8.9
11/04/06 14:00,4.5
11/04/06 15:00,3.7
11/04/06 16:00,1.0
11/04/06 17:00,0.0
11/04/06 18:00,0.0
11/04/06 19:00,0.0
11/04/06 20:00,0.0
11/04/06 21:00,0.0
11/04/06 22:00,0.0
11/04/06 23:00,0.0
11/05/06 00:00,0.0
11/05/06 01:00,0.0
11/05/06 02:00,0.0
11/05/06 03:00,0.0
11/05/06 04:00,0.0
11/05/06 05:00,0.0
11/05/06 06:00,0.0
11/05/06 07:00,0.0
11/05/06 08:00,3.0
11/05/06 09:00,8.8
11/05/06 10:00,14.8
11/05/06 11:00,13.3
11/05/06 12:00,16.3
11/05/06 13:00,18.3
11/05/06 14:00,15.0
11/05/06 15:00,11.1
11/05/06 16:00,4.1
11/05/06 17:00,0.0
11/05/06 18:00,0.0
11/05/06 19:00,0.0
11/05/06 20:00,0.0
11/05/06 21:00,0.0
11/05/06 22:00,0.0
11/05/06 23:00,0.0
11/06/06 00:00,0.0
11/06/06 01:00,0.0
11/06/06 02:00,0.0
11/06/06 03:00,0.0
11/06/06 04:00,0.0
11/06/06 05:00,0.0
11/06/06 06:00,0.0
11/06/06 07:00,0.0
11/06/06 08:00,2.8
11/06/06 09:00,10.0
11/06/06 10:00,13.4
11/06/06 11:00,15.8
11/06/06 12:00,17.5
11/06/06 13:00,11.6
11/06/06 14:00,11.6
11/06/06 15:00,6.6
11/06/06 16:00,2.8
11/06/06 17:00,0.0
11/06/06 18:00,0.0
11/06/06 19:00,0.0
11/06/06 20:00,0.0
11/06/06 21:00,0.0
11/06/06 22:00,0.0
11/06/06 23:00,0.0
11/07/06 00:00,0.0
11/07/06 01:00,0.0
11/07/06 02:00,0.0
11/07/06 03:00,0.0
11/07/06 04:00,0.0
11/07/06 05:00,0.0
11/07/06 06:00,0.0
11/07/06 07:00,0.0
11/07/06 08:00,0.0
11/07/06 09:00,0.1
11/07/06 10:00,0.3
11/07/06 11:00,12.1
11/07/06 12:00,6.3
11/07/06 13:00,0.2
11/07/06 14:00,3.4
11/07/06 15:00,2.5
11/07/06 16:00,0.1
11/07/06 17:00,0.0
11/07/06 18:00,0.0
11/07/06 19:00,0.0
11/07/06 20:00,0.0
11/07/06 21:00,0.0
11/07/06 22:00,0.0
11/07/06 23:00,0.0
11/08/06 00:00,0.0
11/08/06 01:00,0.0
11/08/06 02:00,0.0
11/08/06 03:00,0.0
11/08/06 04:00,0.0
11/08/06 05:00,0.0
11/08/06 06:00,0.0
11/08/06 07:00,0.0
11/08/06 08:00,0.0
11/08/06 09:00,0.1
11/08/06 10:00,3.4
11/08/06 11:00,10.2
11/08/06 12:00,12.3
11/08/06 13:00,10.3
11/08/06 14:00,8.2
11/08/06 15:00,7.0
11/08/06 16:00,2.2
11/08/06 17:00,0.0
11/08/06 18:00,0.0
11/08/06 19:00,0.0
11/08/06 20:00,0.0
11/08/06 21:00,0.0
11/08/06 22:00,0.0
11/08/06 23:00,0.0
11/09/06 00:00,0.0
11/09/06 01:00,0.0
11/09/06 02:00,0.0
11/09/06 03:00,0.0
11/09/06 04:00,0.0
11/09/06 05:00,0.0
11/09/06 06:00,0.0
11/09/06 07:00,0.0
11/09/06 08:00,0.7
11/09/06 09:00,8.2
11/09/06 10:00,12.5
11/09/06 11:00,14.6
11/09/06 12:00,15.0
11/09/06 13:00,14.0
11/09/06 14:00,11.7
11/09/06 15:00,9.5
11/09/06 16:00,3.7
11/09/06 17:00,0.0
11/09/06 18:00,0.0
11/09/06 19:00,0.0
11/09/06 20:00,0.0
11/09/06 21:00,0.0
11/09/06 22:00,0.0
11/09/06 23:00,0.0
11/10/06 00:00,0.0
11/10/06 01:00,0.0
11/10/06 02:00,0.0
11/10/06 03:00,0.0
11/10/06 04:00,0.0
11/10/06 05:00,0.0
11/10/06 06:00,0.0
11/10/06 07:00,0.0
11/10/06 08:00,0.6
11/10/06 09:00,8.1
11/10/06 10:00,12.0
11/10/06 11:00,9.3
11/10/06 12:00,11.8
11/10/06 13:00,13.6
11/10/06 14:00,10.8
11/10/06 15:00,6.0
11/10/06 16:00,0.0
11/10/06 17:00,0.0
11/10/06 18:00,0.0
11/10/06 19:00,0.0
11/10/06 20:00,0.0
11/10/06 21:00,0.0
11/10/06 22:00,0.0
11/10/06 23:00,0.0
11/11/06 00:00,0.0
11/11/06 01:00,0.0
11/11/06 02:00,0.0
11/11/06 03:00,0.0
11/11/06 04:00,0.0
11/11/06 05:00,0.0
11/11/06 06:00,0.0
11/11/06 07:00,0.0
11/11/06 08:00,0.0
11/11/06 09:00,0.0
11/11/06 10:00,0.3
11/11/06 11:00,7.4
11/11/06 12:00,5.8
11/11/06 13:00,4.9
11/11/06 14:00,4.1
11/11/06 15:00,3.2
11/11/06 16:00,0.4
11/11/06 17:00,0.0
11/11/06 18:00,0.0
11/11/06 19:00,0.0
11/11/06 20:00,0.0
11/11/06 21:00,0.0
11/11/06 22:00,0.0
11/11/06 23:00,0.0
11/12/06 00:00,0.0
11/12/06 01:00,0.0
11/12/06 02:00,0.0
11/12/06 03:00,0.0
11/12/06 04:00,0.0
11/12/06 05:00,0.0
11/12/06 06:00,0.0
11/12/06 07:00,0.0
11/12/06 08:00,0.2
11/12/06 09:00,6.5
11/12/06 10:00,12.3
11/12/06 11:00,12.8
11/12/06 12:00,11.6
11/12/06 13:00,12.2
11/12/06 14:00,8.6
11/12/06 15:00,7.4
11/12/06 16:00,3.5
11/12/06 17:00,0.0
11/12/06 18:00,0.0
11/12/06 19:00,0.0
11/12/06 20:00,0.0
11/12/06 21:00,0.0
11/12/06 22:00,0.0
11/12/06 23:00,0.0
11/13/06 00:00,0.0
11/13/06 01:00,0.0
11/13/06 02:00,0.0
11/13/06 03:00,0.0
11/13/06 04:00,0.0
11/13/06 05:00,0.0
11/13/06 06:00,0.0
11/13/06 07:00,0.0
11/13/06 08:00,0.0
11/13/06 09:00,2.6
11/13/06 10:00,9.1
11/13/06 11:00,12.6
11/13/06 12:00,11.5
11/13/06 13:00,11.0
11/13/06 14:00,7.4
11/13/06 15:00,4.8
11/13/06 16:00,1.7
11/13/06 17:00,0.0
11/13/06 18:00,0.0
11/13/06 19:00,0.0
11/13/06 20:00,0.0
11/13/06 21:00,0.0
11/13/06 22:00,0.0
11/13/06 23:00,0.0
11/14/06 00:00,0.0
11/14/06 01:00,0.0
11/14/06 02:00,0.0
11/14/06 03:00,0.0
11/14/06 04:00,0.0
11/14/06 05:00,0.0
11/14/06 06:00,0.0
11/14/06 07:00,0.0
11/14/06 08:00,0.0
11/14/06 09:00,5.8
11/14/06 10:00,10.7
11/14/06 11:00,5.6
11/14/06 12:00,8.3
11/14/06 13:00,5.6
11/14/06 14:00,4.4
11/14/06 15:00,3.4
11/14/06 16:00,0.4
11/14/06 17:00,0.0
11/14/06 18:00,0.0
11/14/06 19:00,0.0
11/14/06 20:00,0.0
11/14/06 21:00,0.0
11/14/06 22:00,0.0
11/14/06 23:00,0.0
11/15/06 00:00,0.0
11/15/06 01:00,0.0
11/15/06 02:00,0.0
11/15/06 03:00,0.0
11/15/06 04:00,0.0
11/15/06 05:00,0.0
11/15/06 06:00,0.0
11/15/06 07:00,0.0
11/15/06 08:00,0.3
11/15/06 09:00,8.9
11/15/06 10:00,13.4
11/15/06 11:00,15.2
11/15/06 12:00,13.2
11/15/06 13:00,9.3
11/15/06 14:00,4.0
11/15/06 15:00,0.4
11/15/06 16:00,0.0
11/15/06 17:00,0.0
11/15/06 18:00,0.0
11/15/06 19:00,0.0
11/15/06 20:00,0.0
11/15/06 21:00,0.0
11/15/06 22:00,0.0
11/15/06 23:00,0.0
11/16/06 00:00,0.0
11/16/06 01:00,0.0
11/16/06 02:00,0.0
11/16/06 03:00,0.0
11/16/06 04:00,0.0
11/16/06 05:00,0.0
11/16/06 06:00,0.0
11/16/06 07:00,0.0
11/16/06 08:00,0.0
11/16/06 09:00,0.0
11/16/06 10:00,0.0
11/16/06 11:00,0.0
11/16/06 12:00,0.0
11/16/06 13:00,0.0
11/16/06 14:00,6.8
11/16/06 15:00,4.4
11/16/06 16:00,0.2
11/16/06 17:00,0.0
11/16/06 18:00,0.0
11/16/06 19:00,0.0
11/16/06 20:00,0.0
11/16/06 21:00,0.0
11/16/06 22:00,0.0
11/16/06 23:00,0.0
11/17/06 00:00,0.0
11/17/06 01:00,0.0
11/17/06 02:00,0.0
11/17/06 03:00,0.0
11/17/06 04:00,0.0
11/17/06 05:00,0.0
11/17/06 06:00,0.0
11/17/06 07:00,0.0
11/17/06 08:00,0.0
11/17/06 09:00,0.8
11/17/06 10:00,4.4
11/17/06 11:00,6.3
11/17/06 12:00,13.0
11/17/06 13:00,11.2
11/17/06 14:00,7.2
11/17/06 15:00,4.6
11/17/06 16:00,2.3
11/17/06 17:00,0.0
11/17/06 18:00,0.0
11/17/06 19:00,0.0
11/17/06 20:00,0.0
11/17/06 21:00,0.0
11/17/06 22:00,0.0
11/17/06 23:00,0.0
11/18/06 00:00,0.0
11/18/06 01:00,0.0
11/18/06 02:00,0.0
11/18/06 03:00,0.0
11/18/06 04:00,0.0
11/18/06 05:00,0.0
11/18/06 06:00,0.0
11/18/06 07:00,0.0
11/18/06 08:00,0.0
11/18/06 09:00,2.2
11/18/06 10:00,5.9
11/18/06 11:00,11.2
11/18/06 12:00,12.2
11/18/06 13:00,10.7
11/18/06 14:00,7.4
11/18/06 15:00,5.2
11/18/06 16:00,2.0
11/18/06 17:00,0.0
11/18/06 18:00,0.0
11/18/06 19:00,0.0
11/18/06 20:00,0.0
11/18/06 21:00,0.0
11/18/06 22:00,0.0
11/18/06 23:00,0.0
11/19/06 00:00,0.0
11/19/06 01:00,0.0
11/19/06 02:00,0.0
11/19/06 03:00,0.0
11/19/06 04:00,0.0
11/19/06 05:00,0.0
11/19/06 06:00,0.0
11/19/06 07:00,0.0
11/19/06 08:00,0.0
11/19/06 09:00,5.9
11/19/06 10:00,10.5
11/19/06 11:00,12.5
11/19/06 12:00,12.7
11/19/06 13:00,10.9
11/19/06 14:00,7.3
11/19/06 15:00,5.2
11/19/06 16:00,0.3
11/19/06 17:00,0.0
11/19/06 18:00,0.0
11/19/06 19:00,0.0
11/19/06 20:00,0.0
11/19/06 21:00,0.0
11/19/06 22:00,0.0
11/19/06 23:00,0.0
11/20/06 00:00,0.0
11/20/06 01:00,0.0
11/20/06 02:00,0.0
11/20/06 03:00,0.0
11/20/06 04:00,0.0
11/20/06 05:00,0.0
11/20/06 06:00,0.0
11/20/06 07:00,0.0
11/20/06 08:00,0.0
11/20/06 09:00,8.3
11/20/06 10:00,13.1
11/20/06 11:00,12.4
11/20/06 12:00,15.4
11/20/06 13:00,11.5
11/20/06 14:00,7.4
11/20/06 15:00,4.5
11/20/06 16:00,1.9
11/20/06 17:00,0.0
11/20/06 18:00,0.0
11/20/06 19:00,0.0
11/20/06 20:00,0.0
11/20/06 21:00,0.0
11/20/06 22:00,0.0
11/20/06 23:00,0.0
11/21/06 00:00,0.0
11/21/06 01:00,0.0
11/21/06 02:00,0.0
11/21/06 03:00,0.0
11/21/06 04:00,0.0
11/21/06 05:00,0.0
11/21/06 06:00,0.0
11/21/06 07:00,0.0
11/21/06 08:00,0.0
11/21/06 09:00,4.8
11/21/06 10:00,12.1
11/21/06 11:00,10.7
11/21/06 12:00,15.5
11/21/06 13:00,12.8
11/21/06 14:00,9.7
11/21/06 15:00,5.3
11/21/06 16:00,1.7
11/21/06 17:00,0.0
11/21/06 18:00,0.0
11/21/06 19:00,0.0
11/21/06 20:00,0.0
11/21/06 21:00,0.0
11/21/06 22:00,0.0
11/21/06 23:00,0.0
11/22/06 00:00,0.0
11/22/06 01:00,0.0
11/22/06 02:00,0.0
11/22/06 03:00,0.0
11/22/06 04:00,0.0
11/22/06 05:00,0.0
11/22/06 06:00,0.0
11/22/06 07:00,0.0
11/22/06 08:00,0.0
11/22/06 09:00,7.4
11/22/06 10:00,12.6
11/22/06 11:00,17.5
11/22/06 12:00,16.8
11/22/06 13:00,15.0
11/22/06 14:00,13.5
11/22/06 15:00,8.2
11/22/06 16:00,2.1
11/22/06 17:00,0.0
11/22/06 18:00,0.0
11/22/06 19:00,0.0
11/22/06 20:00,0.0
11/22/06 21:00,0.0
11/22/06 22:00,0.0
11/22/06 23:00,0.0
11/23/06 00:00,0.0
11/23/06 01:00,0.0
11/23/06 02:00,0.0
11/23/06 03:00,0.0
11/23/06 04:00,0.0
11/23/06 05:00,0.0
11/23/06 06:00,0.0
11/23/06 07:00,0.0
11/23/06 08:00,0.0
11/23/06 09:00,8.4
11/23/06 10:00,13.0
11/23/06 11:00,15.2
11/23/06 12:00,17.6
11/23/06 13:00,15.4
11/23/06 14:00,11.6
11/23/06 15:00,7.7
11/23/06 16:00,2.0
11/23/06 17:00,0.0
11/23/06 18:00,0.0
11/23/06 19:00,0.0
11/23/06 20:00,0.0
11/23/06 21:00,0.0
11/23/06 22:00,0.0
11/23/06 23:00,0.0
11/24/06 00:00,0.0
11/24/06 01:00,0.0
11/24/06 02:00,0.0
11/24/06 03:00,0.0
11/24/06 04:00,0.0
11/24/06 05:00,0.0
11/24/06 06:00,0.0
11/24/06 07:00,0.0
11/24/06 08:00,0.0
11/24/06 09:00,7.4
11/24/06 10:00,13.6
11/24/06 11:00,17.0
11/24/06 12:00,18.5
11/24/06 13:00,16.3
11/24/06 14:00,13.5
11/24/06 15:00,8.5
11/24/06 16:00,2.4
11/24/06 17:00,0.0
11/24/06 18:00,0.0
11/24/06 19:00,0.0
11/24/06 20:00,0.0
11/24/06 21:00,0.0
11/24/06 22:00,0.0
11/24/06 23:00,0.0
11/25/06 00:00,0.0
11/25/06 01:00,0.0
11/25/06 02:00,0.0
11/25/06 03:00,0.0
11/25/06 04:00,0.0
11/25/06 05:00,0.0
11/25/06 06:00,0.0
11/25/06 07:00,0.0
11/25/06 08:00,0.0
11/25/06 09:00,7.1
11/25/06 10:00,12.5
11/25/06 11:00,14.1
11/25/06 12:00,13.1
11/25/06 13:00,7.2
11/25/06 14:00,7.3
11/25/06 15:00,4.9
11/25/06 16:00,0.8
11/25/06 17:00,0.0
11/25/06 18:00,0.0
11/25/06 19:00,0.0
11/25/06 20:00,0.0
11/25/06 21:00,0.0
11/25/06 22:00,0.0
11/25/06 23:00,0.0
11/26/06 00:00,0.0
11/26/06 01:00,0.0
11/26/06 02:00,0.0
11/26/06 03:00,0.0
11/26/06 04:00,0.0
11/26/06 05:00,0.0
11/26/06 06:00,0.0
11/26/06 07:00,0.0
11/26/06 08:00,0.0
11/26/06 09:00,1.2
11/26/06 10:00,4.2
11/26/06 11:00,4.7
11/26/06 12:00,6.3
11/26/06 13:00,5.9
11/26/06 14:00,7.6
11/26/06 15:00,5.6
11/26/06 16:00,0.1
11/26/06 17:00,0.0
11/26/06 18:00,0.0
11/26/06 19:00,0.0
11/26/06 20:00,0.0
11/26/06 21:00,0.0
11/26/06 22:00,0.0
11/26/06 23:00,0.0
11/27/06 00:00,0.0
11/27/06 01:00,0.0
11/27/06 02:00,0.0
11/27/06 03:00,0.0
11/27/06 04:00,0.0
11/27/06 05:00,0.0
11/27/06 06:00,0.0
11/27/06 07:00,0.0
11/27/06 08:00,0.0
11/27/06 09:00,4.6
11/27/06 10:00,7.5
11/27/06 11:00,10.2
11/27/06 12:00,7.7
11/27/06 13:00,5.4
11/27/06 14:00,4.6
11/27/06 15:00,4.6
11/27/06 16:00,0.1
11/27/06 17:00,0.0
11/27/06 18:00,0.0
11/27/06 19:00,0.0
11/27/06 20:00,0.0
11/27/06 21:00,0.0
11/27/06 22:00,0.0
11/27/06 23:00,0.0
11/28/06 00:00,0.0
11/28/06 01:00,0.0
11/28/06 02:00,0.0
11/28/06 03:00,0.0
11/28/06 04:00,0.0
11/28/06 05:00,0.0
11/28/06 06:00,0.0
11/28/06 07:00,0.0
11/28/06 08:00,0.0
11/28/06 09:00,6.1
11/28/06 10:00,7.9
11/28/06 11:00,12.2
11/28/06 12:00,15.4
11/28/06 13:00,0.3
11/28/06 14:00,8.6
11/28/06 15:00,8.0
11/28/06 16:00,1.8
11/28/06 17:00,0.0
11/28/06 18:00,0.0
11/28/06 19:00,0.0
11/28/06 20:00,0.0
11/28/06 21:00,0.0
11/28/06 22:00,0.0
11/28/06 23:00,0.0
11/29/06 00:00,0.0
11/29/06 01:00,0.0
11/29/06 02:00,0.0
11/29/06 03:00,0.0
11/29/06 04:00,0.0
11/29/06 05:00,0.0
11/29/06 06:00,0.0
11/29/06 07:00,0.0
11/29/06 08:00,0.0
11/29/06 09:00,0.0
11/29/06 10:00,0.0
11/29/06 11:00,1.8
11/29/06 12:00,5.0
11/29/06 13:00,2.3
11/29/06 14:00,7.4
11/29/06 15:00,0.2
11/29/06 16:00,0.0
11/29/06 17:00,0.0
11/29/06 18:00,0.0
11/29/06 19:00,0.0
11/29/06 20:00,0.0
11/29/06 21:00,0.0
11/29/06 22:00,0.0
11/29/06 23:00,0.0
11/30/06 00:00,0.0
11/30/06 01:00,0.0
11/30/06 02:00,0.0
11/30/06 03:00,0.0
11/30/06 04:00,0.0
11/30/06 05:00,0.0
11/30/06 06:00,0.0
11/30/06 07:00,0.0
11/30/06 08:00,0.0
11/30/06 09:00,0.0
11/30/06 10:00,0.0
11/30/06 11:00,0.0
11/30/06 12:00,0.6
11/30/06 13:00,1.1
11/30/06 14:00,0.1
11/30/06 15:00,0.0
11/30/06 16:00,0.0
11/30/06 17:00,0.0
11/30/06 18:00,0.0
11/30/06 19:00,0.0
11/30/06 20:00,0.0
11/30/06 21:00,0.0
11/30/06 22:00,0.0
11/30/06 23:00,0.0
12/01/06 00:00,0.0
12/01/06 01:00,0.0
12/01/06 02:00,0.0
12/01/06 03:00,0.0
12/01/06 04:00,0.0
12/01/06 05:00,0.0
12/01/06 06:00,0.0
12/01/06 07:00,0.0
12/01/06 08:00,0.0
12/01/06 09:00,0.0
12/01/06 10:00,0.0
12/01/06 11:00,0.0
12/01/06 12:00,0.0
12/01/06 13:00,1.6
12/01/06 14:00,5.9
12/01/06 15:00,3.6
12/01/06 16:00,0.0
12/01/06 17:00,0.0
12/01/06 18:00,0.0
12/01/06 19:00,0.0
12/01/06 20:00,0.0
12/01/06 21:00,0.0
12/01/06 22:00,0.0
12/01/06 23:00,0.0
12/02/06 00:00,0.0
12/02/06 01:00,0.0
12/02/06 02:00,0.0
12/02/06 03:00,0.0
12/02/06 04:00,0.0
12/02/06 05:00,0.0
12/02/06 06:00,0.0
12/02/06 07:00,0.0
12/02/06 08:00,0.0
12/02/06 09:00,7.9
12/02/06 10:00,11.5
12/02/06 11:00,13.7
12/02/06 12:00,13.6
12/02/06 13:00,16.2
12/02/06 14:00,13.8
12/02/06 15:00,8.3
12/02/06 16:00,2.0
12/02/06 17:00,0.0
12/02/06 18:00,0.0
12/02/06 19:00,0.0
12/02/06 20:00,0.0
12/02/06 21:00,0.0
12/02/06 22:00,0.0
12/02/06 23:00,0.0
12/03/06 00:00,0.0
12/03/06 01:00,0.0
12/03/06 02:00,0.0
12/03/06 03:00,0.0
12/03/06 04:00,0.0
12/03/06 05:00,0.0
12/03/06 06:00,0.0
12/03/06 07:00,0.0
12/03/06 08:00,0.0
12/03/06 09:00,3.2
12/03/06 10:00,7.4
12/03/06 11:00,11.8
12/03/06 12:00,12.0
12/03/06 13:00,11.0
12/03/06 14:00,8.6
12/03/06 15:00,6.9
12/03/06 16:00,2.2
12/03/06 17:00,0.0
12/03/06 18:00,0.0
12/03/06 19:00,0.0
12/03/06 20:00,0.0
12/03/06 21:00,0.0
12/03/06 22:00,0.0
12/03/06 23:00,0.0
12/04/06 00:00,0.0
12/04/06 01:00,0.0
12/04/06 02:00,0.0
12/04/06 03:00,0.0
12/04/06 04:00,0.0
12/04/06 05:00,0.0
12/04/06 06:00,0.0
12/04/06 07:00,0.0
12/04/06 08:00,0.0
12/04/06 09:00,1.2
12/04/06 10:00,10.1
12/04/06 11:00,11.7
12/04/06 12:00,11.9
12/04/06 13:00,12.5
12/04/06 14:00,8.6
12/04/06 15:00,5.2
12/04/06 16:00,1.4
12/04/06 17:00,0.0
12/04/06 18:00,0.0
12/04/06 19:00,0.0
12/04/06 20:00,0.0
12/04/06 21:00,0.0
12/04/06 22:00,0.0
12/04/06 23:00,0.0
12/05/06 00:00,0.0
12/05/06 01:00,0.0
12/05/06 02:00,0.0
12/05/06 03:00,0.0
12/05/06 04:00,0.0
12/05/06 05:00,0.0
12/05/06 06:00,0.0
12/05/06 07:00,0.0
12/05/06 08:00,0.0
12/05/06 09:00,6.5
12/05/06 10:00,12.4
12/05/06 11:00,17.8
12/05/06 12:00,17.6
12/05/06 13:00,12.0
12/05/06 14:00,7.1
12/05/06 15:00,8.4
12/05/06 16:00,2.0
12/05/06 17:00,0.0
12/05/06 18:00,0.0
12/05/06 19:00,0.0
12/05/06 20:00,0.0
12/05/06 21:00,0.0
12/05/06 22:00,0.0
12/05/06 23:00,0.0
12/06/06 00:00,0.0
12/06/06 01:00,0.0
12/06/06 02:00,0.0
12/06/06 03:00,0.0
12/06/06 04:00,0.0
12/06/06 05:00,0.0
12/06/06 06:00,0.0
12/06/06 07:00,0.0
12/06/06 08:00,0.0
12/06/06 09:00,0.0
12/06/06 10:00,0.7
12/06/06 11:00,3.5
12/06/06 12:00,4.3
12/06/06 13:00,5.1
12/06/06 14:00,4.0
12/06/06 15:00,3.3
12/06/06 16:00,0.9
12/06/06 17:00,0.0
12/06/06 18:00,0.0
12/06/06 19:00,0.0
12/06/06 20:00,0.0
12/06/06 21:00,0.0
12/06/06 22:00,0.0
12/06/06 23:00,0.0
12/07/06 00:00,0.0
12/07/06 01:00,0.0
12/07/06 02:00,0.0
12/07/06 03:00,0.0
12/07/06 04:00,0.0
12/07/06 05:00,0.0
12/07/06 06:00,0.0
12/07/06 07:00,0.0
12/07/06 08:00,0.0
12/07/06 09:00,7.4
12/07/06 10:00,10.8
12/07/06 11:00,15.2
12/07/06 12:00,16.7
12/07/06 13:00,16.2
12/07/06 14:00,13.9
12/07/06 15:00,5.6
12/07/06 16:00,2.0
12/07/06 17:00,0.0
12/07/06 18:00,0.0
12/07/06 19:00,0.0
12/07/06 20:00,0.0
12/07/06 21:00,0.0
12/07/06 22:00,0.0
12/07/06 23:00,0.0
12/08/06 00:00,0.0
12/08/06 01:00,0.0
12/08/06 02:00,0.0
12/08/06 03:00,0.0
12/08/06 04:00,0.0
12/08/06 05:00,0.0
12/08/06 06:00,0.0
12/08/06 07:00,0.0
12/08/06 08:00,0.0
12/08/06 09:00,6.3
12/08/06 10:00,12.8
12/08/06 11:00,17.0
12/08/06 12:00,18.1
12/08/06 13:00,17.3
12/08/06 14:00,13.9
12/08/06 15:00,8.0
12/08/06 16:00,2.1
12/08/06 17:00,0.0
12/08/06 18:00,0.0
12/08/06 19:00,0.0
12/08/06 20:00,0.0
12/08/06 21:00,0.0
12/08/06 22:00,0.0
12/08/06 23:00,0.0
12/09/06 00:00,0.0
12/09/06 01:00,0.0
12/09/06 02:00,0.0
12/09/06 03:00,0.0
12/09/06 04:00,0.0
12/09/06 05:00,0.0
12/09/06 06:00,0.0
12/09/06 07:00,0.0
12/09/06 08:00,0.0
12/09/06 09:00,5.6
12/09/06 10:00,11.1
12/09/06 11:00,15.4
12/09/06 12:00,18.2
12/09/06 13:00,15.0
12/09/06 14:00,13.0
12/09/06 15:00,8.6
12/09/06 16:00,1.6
12/09/06 17:00,0.0
12/09/06 18:00,0.0
12/09/06 19:00,0.0
12/09/06 20:00,0.0
12/09/06 21:00,0.0
12/09/06 22:00,0.0
12/09/06 23:00,0.0
12/10/06 00:00,0.0
12/10/06 01:00,0.0
12/10/06 02:00,0.0
12/10/06 03:00,0.0
12/10/06 04:00,0.0
12/10/06 05:00,0.0
12/10/06 06:00,0.0
12/10/06 07:00,0.0
12/10/06 08:00,0.0
12/10/06 09:00,5.4
12/10/06 10:00,10.7
12/10/06 11:00,14.4
12/10/06 12:00,16.6
12/10/06 13:00,16.2
12/10/06 14:00,9.2
12/10/06 15:00,6.8
12/10/06 16:00,1.9
12/10/06 17:00,0.0
12/10/06 18:00,0.0
12/10/06 19:00,0.0
12/10/06 20:00,0.0
12/10/06 21:00,0.0
12/10/06 22:00,0.0
12/10/06 23:00,0.0
12/11/06 00:00,0.0
12/11/06 01:00,0.0
12/11/06 02:00,0.0
12/11/06 03:00,0.0
12/11/06 04:00,0.0
12/11/06 05:00,0.0
12/11/06 06:00,0.0
12/11/06 07:00,0.0
12/11/06 08:00,0.0
12/11/06 09:00,0.0
12/11/06 10:00,0.2
12/11/06 11:00,0.3
12/11/06 12:00,0.0
12/11/06 13:00,0.0
12/11/06 14:00,0.0
12/11/06 15:00,0.0
12/11/06 16:00,0.0
12/11/06 17:00,0.0
12/11/06 18:00,0.0
12/11/06 19:00,0.0
12/11/06 20:00,0.0
12/11/06 21:00,0.0
12/11/06 22:00,0.0
12/11/06 23:00,0.0
12/12/06 00:00,0.0
12/12/06 01:00,0.0
12/12/06 02:00,0.0
12/12/06 03:00,0.0
12/12/06 04:00,0.0
12/12/06 05:00,0.0
12/12/06 06:00,0.0
12/12/06 07:00,0.0
12/12/06 08:00,0.0
12/12/06 09:00,0.1
12/12/06 10:00,0.5
12/12/06 11:00,0.5
12/12/06 12:00,3.5
12/12/06 13:00,3.3
12/12/06 14:00,0.2
12/12/06 15:00,0.1
12/12/06 16:00,0.0
12/12/06 17:00,0.0
12/12/06 18:00,0.0
12/12/06 19:00,0.0
12/12/06 20:00,0.0
12/12/06 21:00,0.0
12/12/06 22:00,0.0
12/12/06 23:00,0.0
12/13/06 00:00,0.0
12/13/06 01:00,0.0
12/13/06 02:00,0.0
12/13/06 03:00,0.0
12/13/06 04:00,0.0
12/13/06 05:00,0.0
12/13/06 06:00,0.0
12/13/06 07:00,0.0
12/13/06 08:00,0.0
12/13/06 09:00,4.0
12/13/06 10:00,0.4
12/13/06 11:00,11.1
12/13/06 12:00,3.3
12/13/06 13:00,3.6
12/13/06 14:00,3.7
12/13/06 15:00,6.6
12/13/06 16:00,1.6
12/13/06 17:00,0.0
12/13/06 18:00,0.0
12/13/06 19:00,0.0
12/13/06 20:00,0.0
12/13/06 21:00,0.0
12/13/06 22:00,0.0
12/13/06 23:00,0.0
12/14/06 00:00,0.0
12/14/06 01:00,0.0
12/14/06 02:00,0.0
12/14/06 03:00,0.0
12/14/06 04:00,0.0
12/14/06 05:00,0.0
12/14/06 06:00,0.0
12/14/06 07:00,0.0
12/14/06 08:00,0.0
12/14/06 09:00,0.0
12/14/06 10:00,0.8
12/14/06 11:00,1.8
12/14/06 12:00,7.1
12/14/06 13:00,7.6
12/14/06 14:00,6.5
12/14/06 15:00,4.2
12/14/06 16:00,0.4
12/14/06 17:00,0.0
12/14/06 18:00,0.0
12/14/06 19:00,0.0
12/14/06 20:00,0.0
12/14/06 21:00,0.0
12/14/06 22:00,0.0
12/14/06 23:00,0.0
12/15/06 00:00,0.0
12/15/06 01:00,0.0
12/15/06 02:00,0.0
12/15/06 03:00,0.0
12/15/06 04:00,0.0
12/15/06 05:00,0.0
12/15/06 06:00,0.0
12/15/06 07:00,0.0
12/15/06 08:00,0.0
12/15/06 09:00,4.9
12/15/06 10:00,2.2
12/15/06 11:00,4.3
12/15/06 12:00,5.6
12/15/06 13:00,6.2
12/15/06 14:00,7.9
12/15/06 15:00,3.0
12/15/06 16:00,1.7
12/15/06 17:00,0.0
12/15/06 18:00,0.0
12/15/06 19:00,0.0
12/15/06 20:00,0.0
12/15/06 21:00,0.0
12/15/06 22:00,0.0
12/15/06 23:00,0.0
12/16/06 00:00,0.0
12/16/06 01:00,0.0
12/16/06 02:00,0.0
12/16/06 03:00,0.0
12/16/06 04:00,0.0
12/16/06 05:00,0.0
12/16/06 06:00,0.0
12/16/06 07:00,0.0
12/16/06 08:00,0.0
12/16/06 09:00,5.1
12/16/06 10:00,9.7
12/16/06 11:00,3.6
12/16/06 12:00,11.6
12/16/06 13:00,4.9
12/16/06 14:00,10.0
12/16/06 15:00,5.0
12/16/06 16:00,1.7
12/16/06 17:00,0.0
12/16/06 18:00,0.0
12/16/06 19:00,0.0
12/16/06 20:00,0.0
12/16/06 21:00,0.0
12/16/06 22:00,0.0
12/16/06 23:00,0.0
12/17/06 00:00,0.0
12/17/06 01:00,0.0
12/17/06 02:00,0.0
12/17/06 03:00,0.0
12/17/06 04:00,0.0
12/17/06 05:00,0.0
12/17/06 06:00,0.0
12/17/06 07:00,0.0
12/17/06 08:00,0.0
12/17/06 09:00,0.0
12/17/06 10:00,0.0
12/17/06 11:00,10.4
12/17/06 12:00,11.1
12/17/06 13:00,8.6
12/17/06 14:00,8.1
12/17/06 15:00,6.4
12/17/06 16:00,1.5
12/17/06 17:00,0.0
12/17/06 18:00,0.0
12/17/06 19:00,0.0
12/17/06 20:00,0.0
12/17/06 21:00,0.0
12/17/06 22:00,0.0
12/17/06 23:00,0.0
12/18/06 00:00,0.0
12/18/06 01:00,0.0
12/18/06 02:00,0.0
12/18/06 03:00,0.0
12/18/06 04:00,0.0
12/18/06 05:00,0.0
12/18/06 06:00,0.0
12/18/06 07:00,0.0
12/18/06 08:00,0.0
12/18/06 09:00,1.5
12/18/06 10:00,6.9
12/18/06 11:00,10.9
12/18/06 12:00,14.8
12/18/06 13:00,12.3
12/18/06 14:00,10.4
12/18/06 15:00,7.6
12/18/06 16:00,1.9
12/18/06 17:00,0.0
12/18/06 18:00,0.0
12/18/06 19:00,0.0
12/18/06 20:00,0.0
12/18/06 21:00,0.0
12/18/06 22:00,0.0
12/18/06 23:00,0.0
12/19/06 00:00,0.0
12/19/06 01:00,0.0
12/19/06 02:00,0.0
12/19/06 03:00,0.0
12/19/06 04:00,0.0
12/19/06 05:00,0.0
12/19/06 06:00,0.0
12/19/06 07:00,0.0
12/19/06 08:00,0.0
12/19/06 09:00,4.7
12/19/06 10:00,11.6
12/19/06 11:00,14.4
12/19/06 12:00,17.9
12/19/06 13:00,16.6
12/19/06 14:00,12.8
12/19/06 15:00,8.3
12/19/06 16:00,1.9
12/19/06 17:00,0.0
12/19/06 18:00,0.0
12/19/06 19:00,0.0
12/19/06 20:00,0.0
12/19/06 21:00,0.0
12/19/06 22:00,0.0
12/19/06 23:00,0.0
12/20/06 00:00,0.0
12/20/06 01:00,0.0
12/20/06 02:00,0.0
12/20/06 03:00,0.0
12/20/06 04:00,0.0
12/20/06 05:00,0.0
12/20/06 06:00,0.0
12/20/06 07:00,0.0
12/20/06 08:00,0.0
12/20/06 09:00,4.6
12/20/06 10:00,11.9
12/20/06 11:00,14.6
12/20/06 12:00,13.7
12/20/06 13:00,12.6
12/20/06 14:00,8.7
12/20/06 15:00,5.9
12/20/06 16:00,1.9
12/20/06 17:00,0.0
12/20/06 18:00,0.0
12/20/06 19:00,0.0
12/20/06 20:00,0.0
12/20/06 21:00,0.0
12/20/06 22:00,0.0
12/20/06 23:00,0.0
12/21/06 00:00,0.0
12/21/06 01:00,0.0
12/21/06 02:00,0.0
12/21/06 03:00,0.0
12/21/06 04:00,0.0
12/21/06 05:00,0.0
12/21/06 06:00,0.0
12/21/06 07:00,0.0
12/21/06 08:00,0.0
12/21/06 09:00,0.5
12/21/06 10:00,8.5
12/21/06 11:00,10.5
12/21/06 12:00,6.3
12/21/06 13:00,5.7
12/21/06 14:00,7.8
12/21/06 15:00,4.1
12/21/06 16:00,0.4
12/21/06 17:00,0.0
12/21/06 18:00,0.0
12/21/06 19:00,0.0
12/21/06 20:00,0.0
12/21/06 21:00,0.0
12/21/06 22:00,0.0
12/21/06 23:00,0.0
12/22/06 00:00,0.0
12/22/06 01:00,0.0
12/22/06 02:00,0.0
12/22/06 03:00,0.0
12/22/06 04:00,0.0
12/22/06 05:00,0.0
12/22/06 06:00,0.0
12/22/06 07:00,0.0
12/22/06 08:00,0.0
12/22/06 09:00,0.0
12/22/06 10:00,0.0
12/22/06 11:00,0.0
12/22/06 12:00,0.0
12/22/06 13:00,0.0
12/22/06 14:00,0.0
12/22/06 15:00,0.0
12/22/06 16:00,0.0
12/22/06 17:00,0.0
12/22/06 18:00,0.0
12/22/06 19:00,0.0
12/22/06 20:00,0.0
12/22/06 21:00,0.0
12/22/06 22:00,0.0
12/22/06 23:00,0.0
12/23/06 00:00,0.0
12/23/06 01:00,0.0
12/23/06 02:00,0.0
12/23/06 03:00,0.0
12/23/06 04:00,0.0
12/23/06 05:00,0.0
12/23/06 06:00,0.0
12/23/06 07:00,0.0
12/23/06 08:00,0.0
12/23/06 09:00,0.0
12/23/06 10:00,1.8
12/23/06 11:00,6.0
12/23/06 12:00,6.5
12/23/06 13:00,4.9
12/23/06 14:00,4.0
12/23/06 15:00,0.9
12/23/06 16:00,0.0
12/23/06 17:00,0.0
12/23/06 18:00,0.0
12/23/06 19:00,0.0
12/23/06 20:00,0.0
12/23/06 21:00,0.0
12/23/06 22:00,0.0
12/23/06 23:00,0.0
12/24/06 00:00,0.0
12/24/06 01:00,0.0
12/24/06 02:00,0.0
12/24/06 03:00,0.0
12/24/06 04:00,0.0
12/24/06 05:00,0.0
12/24/06 06:00,0.0
12/24/06 07:00,0.0
12/24/06 08:00,0.0
12/24/06 09:00,4.2
12/24/06 10:00,9.3
12/24/06 11:00,11.2
12/24/06 12:00,13.3
12/24/06 13:00,14.9
12/24/06 14:00,12.2
12/24/06 15:00,7.8
12/24/06 16:00,2.3
12/24/06 17:00,0.0
12/24/06 18:00,0.0
12/24/06 19:00,0.0
12/24/06 20:00,0.0
12/24/06 21:00,0.0
12/24/06 22:00,0.0
12/24/06 23:00,0.0
12/25/06 00:00,0.0
12/25/06 01:00,0.0
12/25/06 02:00,0.0
12/25/06 03:00,0.0
12/25/06 04:00,0.0
12/25/06 05:00,0.0
12/25/06 06:00,0.0
12/25/06 07:00,0.0
12/25/06 08:00,0.0
12/25/06 09:00,0.6
12/25/06 10:00,6.9
12/25/06 11:00,6.7
12/25/06 12:00,6.6
12/25/06 13:00,7.2
12/25/06 14:00,2.1
12/25/06 15:00,0.1
12/25/06 16:00,0.0
12/25/06 17:00,0.0
12/25/06 18:00,0.0
12/25/06 19:00,0.0
12/25/06 20:00,0.0
12/25/06 21:00,0.0
12/25/06 22:00,0.0
12/25/06 23:00,0.0
12/26/06 00:00,0.0
12/26/06 01:00,0.0
12/26/06 02:00,0.0
12/26/06 03:00,0.0
12/26/06 04:00,0.0
12/26/06 05:00,0.0
12/26/06 06:00,0.0
12/26/06 07:00,0.0
12/26/06 08:00,0.0
12/26/06 09:00,0.1
12/26/06 10:00,4.5
12/26/06 11:00,4.5
12/26/06 12:00,7.6
12/26/06 13:00,6.3
12/26/06 14:00,6.3
12/26/06 15:00,4.1
12/26/06 16:00,1.5
12/26/06 17:00,0.0
12/26/06 18:00,0.0
12/26/06 19:00,0.0
12/26/06 20:00,0.0
12/26/06 21:00,0.0
12/26/06 22:00,0.0
12/26/06 23:00,0.0
12/27/06 00:00,0.0
12/27/06 01:00,0.0
12/27/06 02:00,0.0
12/27/06 03:00,0.0
12/27/06 04:00,0.0
12/27/06 05:00,0.0
12/27/06 06:00,0.0
12/27/06 07:00,0.0
12/27/06 08:00,0.0
12/27/06 09:00,4.1
12/27/06 10:00,10.4
12/27/06 11:00,13.3
12/27/06 12:00,13.4
12/27/06 13:00,10.8
12/27/06 14:00,7.7
12/27/06 15:00,5.9
12/27/06 16:00,3.4
12/27/06 17:00,0.0
12/27/06 18:00,0.0
12/27/06 19:00,0.0
12/27/06 20:00,0.0
12/27/06 21:00,0.0
12/27/06 22:00,0.0
12/27/06 23:00,0.0
12/28/06 00:00,0.0
12/28/06 01:00,0.0
12/28/06 02:00,0.0
12/28/06 03:00,0.0
12/28/06 04:00,0.0
12/28/06 05:00,0.0
12/28/06 06:00,0.0
12/28/06 07:00,0.0
12/28/06 08:00,0.0
12/28/06 09:00,0.1
12/28/06 10:00,1.6
12/28/06 11:00,5.3
12/28/06 12:00,7.3
12/28/06 13:00,9.0
12/28/06 14:00,8.3
12/28/06 15:00,5.2
12/28/06 16:00,2.1
12/28/06 17:00,0.0
12/28/06 18:00,0.0
12/28/06 19:00,0.0
12/28/06 20:00,0.0
12/28/06 21:00,0.0
12/28/06 22:00,0.0
12/28/06 23:00,0.0
12/29/06 00:00,0.0
12/29/06 01:00,0.0
12/29/06 02:00,0.0
12/29/06 03:00,0.0
12/29/06 04:00,0.0
12/29/06 05:00,0.0
12/29/06 06:00,0.0
12/29/06 07:00,0.0
12/29/06 08:00,0.0
12/29/06 09:00,0.0
12/29/06 10:00,0.3
12/29/06 11:00,3.2
12/29/06 12:00,2.9
12/29/06 13:00,1.0
12/29/06 14:00,4.3
12/29/06 15:00,6.1
12/29/06 16:00,1.0
12/29/06 17:00,0.0
12/29/06 18:00,0.0
12/29/06 19:00,0.0
12/29/06 20:00,0.0
12/29/06 21:00,0.0
12/29/06 22:00,0.0
12/29/06 23:00,0.0
12/30/06 00:00,0.0
12/30/06 01:00,0.0
12/30/06 02:00,0.0
12/30/06 03:00,0.0
12/30/06 04:00,0.0
12/30/06 05:00,0.0
12/30/06 06:00,0.0
12/30/06 07:00,0.0
12/30/06 08:00,0.0
12/30/06 09:00,2.9
12/30/06 10:00,11.3
12/30/06 11:00,12.0
12/30/06 12:00,10.7
12/30/06 13:00,8.4
12/30/06 14:00,7.7
12/30/06 15:00,4.7
12/30/06 16:00,0.8
12/30/06 17:00,0.0
12/30/06 18:00,0.0
12/30/06 19:00,0.0
12/30/06 20:00,0.0
12/30/06 21:00,0.0
12/30/06 22:00,0.0
12/30/06 23:00,0.0
12/31/06 00:00,0.0
12/31/06 01:00,0.0
12/31/06 02:00,0.0
12/31/06 03:00,0.0
12/31/06 04:00,0.0
12/31/06 05:00,0.0
12/31/06 06:00,0.0
12/31/06 07:00,0.0
12/31/06 08:00,0.0
12/31/06 09:00,0.1
12/31/06 10:00,3.4
12/31/06 11:00,8.7
12/31/06 12:00,6.0
12/31/06 13:00,4.8
12/31/06 14:00,0.0
12/31/06 15:00,0.0
12/31/06 16:00,0.0
12/31/06 17:00,0.0
12/31/06 18:00,0.0
12/31/06 19:00,0.0
12/31/06 20:00,0.0
12/31/06 21:00,0.0
12/31/06 22:00,0.0
12/31/06 23:00,0.0
