LocalTime,Power(MW)
01/01/06 00:00,0.0
01/01/06 01:00,0.0
01/01/06 02:00,0.0
01/01/06 03:00,0.0
01/01/06 04:00,0.0
01/01/06 05:00,0.0
01/01/06 06:00,0.0
01/01/06 07:00,0.0
01/01/06 08:00,20.7
01/01/06 09:00,10.0
01/01/06 10:00,12.4
01/01/06 11:00,26.2
01/01/06 12:00,21.3
01/01/06 13:00,21.0
01/01/06 14:00,21.1
01/01/06 15:00,0.5
01/01/06 16:00,0.0
01/01/06 17:00,0.0
01/01/06 18:00,0.0
01/01/06 19:00,0.0
01/01/06 20:00,0.0
01/01/06 21:00,0.0
01/01/06 22:00,0.0
01/01/06 23:00,0.0
01/02/06 00:00,0.0
01/02/06 01:00,0.0
01/02/06 02:00,0.0
01/02/06 03:00,0.0
01/02/06 04:00,0.0
01/02/06 05:00,0.0
01/02/06 06:00,0.0
01/02/06 07:00,0.0
01/02/06 08:00,0.0
01/02/06 09:00,37.5
01/02/06 10:00,41.0
01/02/06 11:00,35.6
01/02/06 12:00,37.5
01/02/06 13:00,47.8
01/02/06 14:00,50.2
01/02/06 15:00,42.1
01/02/06 16:00,0.0
01/02/06 17:00,0.0
01/02/06 18:00,0.0
01/02/06 19:00,0.0
01/02/06 20:00,0.0
01/02/06 21:00,0.0
01/02/06 22:00,0.0
01/02/06 23:00,0.0
01/03/06 00:00,0.0
01/03/06 01:00,0.0
01/03/06 02:00,0.0
01/03/06 03:00,0.0
01/03/06 04:00,0.0
01/03/06 05:00,0.0
01/03/06 06:00,0.0
01/03/06 07:00,0.0
01/03/06 08:00,0.0
01/03/06 09:00,10.3
01/03/06 10:00,19.0
01/03/06 11:00,28.3
01/03/06 12:00,30.1
01/03/06 13:00,37.5
01/03/06 14:00,12.7
01/03/06 15:00,0.8
01/03/06 16:00,0.0
01/03/06 17:00,0.0
01/03/06 18:00,0.0
01/03/06 19:00,0.0
01/03/06 20:00,0.0
01/03/06 21:00,0.0
01/03/06 22:00,0.0
01/03/06 23:00,0.0
01/04/06 00:00,0.0
01/04/06 01:00,0.0
01/04/06 02:00,0.0
01/04/06 03:00,0.0
01/04/06 04:00,0.0
01/04/06 05:00,0.0
01/04/06 06:00,0.0
01/04/06 07:00,0.0
01/04/06 08:00,22.5
01/04/06 09:00,37.2
01/04/06 10:00,37.1
01/04/06 11:00,31.2
01/04/06 12:00,32.7
01/04/06 13:00,38.6
01/04/06 14:00,37.7
01/04/06 15:00,26.1
01/04/06 16:00,0.0
01/04/06 17:00,0.0
01/04/06 18:00,0.0
01/04/06 19:00,0.0
01/04/06 20:00,0.0
01/04/06 21:00,0.0
01/04/06 22:00,0.0
01/04/06 23:00,0.0
01/05/06 00:00,0.0
01/05/06 01:00,0.0
01/05/06 02:00,0.0
01/05/06 03:00,0.0
01/05/06 04:00,0.0
01/05/06 05:00,0.0
01/05/06 06:00,0.0
01/05/06 07:00,0.0
01/05/06 08:00,23.3
01/05/06 09:00,43.0
01/05/06 10:00,40.2
01/05/06 11:00,36.0
01/05/06 12:00,34.1
01/05/06 13:00,48.0
01/05/06 14:00,52.1
01/05/06 15:00,43.3
01/05/06 16:00,0.0
01/05/06 17:00,0.0
01/05/06 18:00,0.0
01/05/06 19:00,0.0
01/05/06 20:00,0.0
01/05/06 21:00,0.0
01/05/06 22:00,0.0
01/05/06 23:00,0.0
01/06/06 00:00,0.0
01/06/06 01:00,0.0
01/06/06 02:00,0.0
01/06/06 03:00,0.0
01/06/06 04:00,0.0
01/06/06 05:00,0.0
01/06/06 06:00,0.0
01/06/06 07:00,0.0
01/06/06 08:00,22.9
01/06/06 09:00,39.3
01/06/06 10:00,42.9
01/06/06 11:00,33.8
01/06/06 12:00,34.2
01/06/06 13:00,36.0
01/06/06 14:00,34.3
01/06/06 15:00,26.5
01/06/06 16:00,0.0
01/06/06 17:00,0.0
01/06/06 18:00,0.0
01/06/06 19:00,0.0
01/06/06 20:00,0.0
01/06/06 21:00,0.0
01/06/06 22:00,0.0
01/06/06 23:00,0.0
01/07/06 00:00,0.0
01/07/06 01:00,0.0
01/07/06 02:00,0.0
01/07/06 03:00,0.0
01/07/06 04:00,0.0
01/07/06 05:00,0.0
01/07/06 06:00,0.0
01/07/06 07:00,0.0
01/07/06 08:00,22.2
01/07/06 09:00,37.9
01/07/06 10:00,37.1
01/07/06 11:00,32.0
01/07/06 12:00,35.3
01/07/06 13:00,38.4
01/07/06 14:00,37.2
01/07/06 15:00,24.0
01/07/06 16:00,0.0
01/07/06 17:00,0.0
01/07/06 18:00,0.0
01/07/06 19:00,0.0
01/07/06 20:00,0.0
01/07/06 21:00,0.0
01/07/06 22:00,0.0
01/07/06 23:00,0.0
01/08/06 00:00,0.0
01/08/06 01:00,0.0
01/08/06 02:00,0.0
01/08/06 03:00,0.0
01/08/06 04:00,0.0
01/08/06 05:00,0.0
01/08/06 06:00,0.0
01/08/06 07:00,0.0
01/08/06 08:00,0.1
01/08/06 09:00,15.4
01/08/06 10:00,13.2
01/08/06 11:00,22.5
01/08/06 12:00,28.7
01/08/06 13:00,22.2
01/08/06 14:00,9.7
01/08/06 15:00,13.1
01/08/06 16:00,0.0
01/08/06 17:00,0.0
01/08/06 18:00,0.0
01/08/06 19:00,0.0
01/08/06 20:00,0.0
01/08/06 21:00,0.0
01/08/06 22:00,0.0
01/08/06 23:00,0.0
01/09/06 00:00,0.0
01/09/06 01:00,0.0
01/09/06 02:00,0.0
01/09/06 03:00,0.0
01/09/06 04:00,0.0
01/09/06 05:00,0.0
01/09/06 06:00,0.0
01/09/06 07:00,0.0
01/09/06 08:00,22.6
01/09/06 09:00,43.1
01/09/06 10:00,42.2
01/09/06 11:00,35.8
01/09/06 12:00,37.5
01/09/06 13:00,46.0
01/09/06 14:00,53.4
01/09/06 15:00,44.6
01/09/06 16:00,0.0
01/09/06 17:00,0.0
01/09/06 18:00,0.0
01/09/06 19:00,0.0
01/09/06 20:00,0.0
01/09/06 21:00,0.0
01/09/06 22:00,0.0
01/09/06 23:00,0.0
01/10/06 00:00,0.0
01/10/06 01:00,0.0
01/10/06 02:00,0.0
01/10/06 03:00,0.0
01/10/06 04:00,0.0
01/10/06 05:00,0.0
01/10/06 06:00,0.0
01/10/06 07:00,0.0
01/10/06 08:00,29.4
01/10/06 09:00,41.8
01/10/06 10:00,43.0
01/10/06 11:00,31.5
01/10/06 12:00,32.4
01/10/06 13:00,32.4
01/10/06 14:00,33.1
01/10/06 15:00,35.4
01/10/06 16:00,0.0
01/10/06 17:00,0.0
01/10/06 18:00,0.0
01/10/06 19:00,0.0
01/10/06 20:00,0.0
01/10/06 21:00,0.0
01/10/06 22:00,0.0
01/10/06 23:00,0.0
01/11/06 00:00,0.0
01/11/06 01:00,0.0
01/11/06 02:00,0.0
01/11/06 03:00,0.0
01/11/06 04:00,0.0
01/11/06 05:00,0.0
01/11/06 06:00,0.0
01/11/06 07:00,0.0
01/11/06 08:00,26.8
01/11/06 09:00,41.7
01/11/06 10:00,36.8
01/11/06 11:00,32.7
01/11/06 12:00,32.8
01/11/06 13:00,44.9
01/11/06 14:00,32.6
01/11/06 15:00,34.3
01/11/06 16:00,0.0
01/11/06 17:00,0.0
01/11/06 18:00,0.0
01/11/06 19:00,0.0
01/11/06 20:00,0.0
01/11/06 21:00,0.0
01/11/06 22:00,0.0
01/11/06 23:00,0.0
01/12/06 00:00,0.0
01/12/06 01:00,0.0
01/12/06 02:00,0.0
01/12/06 03:00,0.0
01/12/06 04:00,0.0
01/12/06 05:00,0.0
01/12/06 06:00,0.0
01/12/06 07:00,0.0
01/12/06 08:00,29.7
01/12/06 09:00,44.5
01/12/06 10:00,45.3
01/12/06 11:00,40.7
01/12/06 12:00,29.5
01/12/06 13:00,35.4
01/12/06 14:00,39.6
01/12/06 15:00,31.5
01/12/06 16:00,22.3
01/12/06 17:00,0.0
01/12/06 18:00,0.0
01/12/06 19:00,0.0
01/12/06 20:00,0.0
01/12/06 21:00,0.0
01/12/06 22:00,0.0
01/12/06 23:00,0.0
01/13/06 00:00,0.0
01/13/06 01:00,0.0
01/13/06 02:00,0.0
01/13/06 03:00,0.0
01/13/06 04:00,0.0
01/13/06 05:00,0.0
01/13/06 06:00,0.0
01/13/06 07:00,0.0
01/13/06 08:00,28.7
01/13/06 09:00,43.5
01/13/06 10:00,37.5
01/13/06 11:00,36.0
01/13/06 12:00,36.3
01/13/06 13:00,47.5
01/13/06 14:00,50.3
01/13/06 15:00,45.8
01/13/06 16:00,19.0
01/13/06 17:00,0.0
01/13/06 18:00,0.0
01/13/06 19:00,0.0
01/13/06 20:00,0.0
01/13/06 21:00,0.0
01/13/06 22:00,0.0
01/13/06 23:00,0.0
01/14/06 00:00,0.0
01/14/06 01:00,0.0
01/14/06 02:00,0.0
01/14/06 03:00,0.0
01/14/06 04:00,0.0
01/14/06 05:00,0.0
01/14/06 06:00,0.0
01/14/06 07:00,0.0
01/14/06 08:00,21.6
01/14/06 09:00,39.5
01/14/06 10:00,37.8
01/14/06 11:00,33.3
01/14/06 12:00,35.7
01/14/06 13:00,44.3
01/14/06 14:00,50.2
01/14/06 15:00,38.4
01/14/06 16:00,23.5
01/14/06 17:00,0.0
01/14/06 18:00,0.0
01/14/06 19:00,0.0
01/14/06 20:00,0.0
01/14/06 21:00,0.0
01/14/06 22:00,0.0
01/14/06 23:00,0.0
01/15/06 00:00,0.0
01/15/06 01:00,0.0
01/15/06 02:00,0.0
01/15/06 03:00,0.0
01/15/06 04:00,0.0
01/15/06 05:00,0.0
01/15/06 06:00,0.0
01/15/06 07:00,0.0
01/15/06 08:00,21.3
01/15/06 09:00,46.0
01/15/06 10:00,25.9
01/15/06 11:00,28.1
01/15/06 12:00,35.7
01/15/06 13:00,32.5
01/15/06 14:00,34.7
01/15/06 15:00,35.3
01/15/06 16:00,0.0
01/15/06 17:00,0.0
01/15/06 18:00,0.0
01/15/06 19:00,0.0
01/15/06 20:00,0.0
01/15/06 21:00,0.0
01/15/06 22:00,0.0
01/15/06 23:00,0.0
01/16/06 00:00,0.0
01/16/06 01:00,0.0
01/16/06 02:00,0.0
01/16/06 03:00,0.0
01/16/06 04:00,0.0
01/16/06 05:00,0.0
01/16/06 06:00,0.0
01/16/06 07:00,0.0
01/16/06 08:00,0.0
01/16/06 09:00,0.4
01/16/06 10:00,12.0
01/16/06 11:00,22.7
01/16/06 12:00,28.7
01/16/06 13:00,45.9
01/16/06 14:00,33.1
01/16/06 15:00,37.5
01/16/06 16:00,24.2
01/16/06 17:00,0.0
01/16/06 18:00,0.0
01/16/06 19:00,0.0
01/16/06 20:00,0.0
01/16/06 21:00,0.0
01/16/06 22:00,0.0
01/16/06 23:00,0.0
01/17/06 00:00,0.0
01/17/06 01:00,0.0
01/17/06 02:00,0.0
01/17/06 03:00,0.0
01/17/06 04:00,0.0
01/17/06 05:00,0.0
01/17/06 06:00,0.0
01/17/06 07:00,0.0
01/17/06 08:00,29.4
01/17/06 09:00,44.7
01/17/06 10:00,40.3
01/17/06 11:00,33.8
01/17/06 12:00,33.7
01/17/06 13:00,33.0
01/17/06 14:00,39.8
01/17/06 15:00,29.3
01/17/06 16:00,21.4
01/17/06 17:00,0.0
01/17/06 18:00,0.0
01/17/06 19:00,0.0
01/17/06 20:00,0.0
01/17/06 21:00,0.0
01/17/06 22:00,0.0
01/17/06 23:00,0.0
01/18/06 00:00,0.0
01/18/06 01:00,0.0
01/18/06 02:00,0.0
01/18/06 03:00,0.0
01/18/06 04:00,0.0
01/18/06 05:00,0.0
01/18/06 06:00,0.0
01/18/06 07:00,0.0
01/18/06 08:00,27.0
01/18/06 09:00,44.4
01/18/06 10:00,45.9
01/18/06 11:00,38.0
01/18/06 12:00,35.2
01/18/06 13:00,38.8
01/18/06 14:00,52.1
01/18/06 15:00,36.1
01/18/06 16:00,1.3
01/18/06 17:00,0.0
01/18/06 18:00,0.0
01/18/06 19:00,0.0
01/18/06 20:00,0.0
01/18/06 21:00,0.0
01/18/06 22:00,0.0
01/18/06 23:00,0.0
01/19/06 00:00,0.0
01/19/06 01:00,0.0
01/19/06 02:00,0.0
01/19/06 03:00,0.0
01/19/06 04:00,0.0
01/19/06 05:00,0.0
01/19/06 06:00,0.0
01/19/06 07:00,0.0
01/19/06 08:00,30.5
01/19/06 09:00,47.9
01/19/06 10:00,42.9
01/19/06 11:00,39.2
01/19/06 12:00,43.0
01/19/06 13:00,46.4
01/19/06 14:00,57.1
01/19/06 15:00,48.6
01/19/06 16:00,24.6
01/19/06 17:00,0.0
01/19/06 18:00,0.0
01/19/06 19:00,0.0
01/19/06 20:00,0.0
01/19/06 21:00,0.0
01/19/06 22:00,0.0
01/19/06 23:00,0.0
01/20/06 00:00,0.0
01/20/06 01:00,0.0
01/20/06 02:00,0.0
01/20/06 03:00,0.0
01/20/06 04:00,0.0
01/20/06 05:00,0.0
01/20/06 06:00,0.0
01/20/06 07:00,0.0
01/20/06 08:00,31.1
01/20/06 09:00,51.1
01/20/06 10:00,49.0
01/20/06 11:00,44.5
01/20/06 12:00,42.0
01/20/06 13:00,47.8
01/20/06 14:00,56.4
01/20/06 15:00,49.5
01/20/06 16:00,27.4
01/20/06 17:00,0.0
01/20/06 18:00,0.0
01/20/06 19:00,0.0
01/20/06 20:00,0.0
01/20/06 21:00,0.0
01/20/06 22:00,0.0
01/20/06 23:00,0.0
01/21/06 00:00,0.0
01/21/06 01:00,0.0
01/21/06 02:00,0.0
01/21/06 03:00,0.0
01/21/06 04:00,0.0
01/21/06 05:00,0.0
01/21/06 06:00,0.0
01/21/06 07:00,0.0
01/21/06 08:00,23.7
01/21/06 09:00,42.8
01/21/06 10:00,48.1
01/21/06 11:00,37.2
01/21/06 12:00,37.1
01/21/06 13:00,37.4
01/21/06 14:00,52.1
01/21/06 15:00,49.1
01/21/06 16:00,24.6
01/21/06 17:00,0.0
01/21/06 18:00,0.0
01/21/06 19:00,0.0
01/21/06 20:00,0.0
01/21/06 21:00,0.0
01/21/06 22:00,0.0
01/21/06 23:00,0.0
01/22/06 00:00,0.0
01/22/06 01:00,0.0
01/22/06 02:00,0.0
01/22/06 03:00,0.0
01/22/06 04:00,0.0
01/22/06 05:00,0.0
01/22/06 06:00,0.0
01/22/06 07:00,0.0
01/22/06 08:00,25.2
01/22/06 09:00,44.0
01/22/06 10:00,39.1
01/22/06 11:00,34.5
01/22/06 12:00,36.9
01/22/06 13:00,43.3
01/22/06 14:00,42.5
01/22/06 15:00,33.0
01/22/06 16:00,9.1
01/22/06 17:00,0.0
01/22/06 18:00,0.0
01/22/06 19:00,0.0
01/22/06 20:00,0.0
01/22/06 21:00,0.0
01/22/06 22:00,0.0
01/22/06 23:00,0.0
01/23/06 00:00,0.0
01/23/06 01:00,0.0
01/23/06 02:00,0.0
01/23/06 03:00,0.0
01/23/06 04:00,0.0
01/23/06 05:00,0.0
01/23/06 06:00,0.0
01/23/06 07:00,0.0
01/23/06 08:00,28.7
01/23/06 09:00,44.6
01/23/06 10:00,45.4
01/23/06 11:00,38.7
01/23/06 12:00,39.3
01/23/06 13:00,48.7
01/23/06 14:00,56.2
01/23/06 15:00,35.8
01/23/06 16:00,27.0
01/23/06 17:00,0.0
01/23/06 18:00,0.0
01/23/06 19:00,0.0
01/23/06 20:00,0.0
01/23/06 21:00,0.0
01/23/06 22:00,0.0
01/23/06 23:00,0.0
01/24/06 00:00,0.0
01/24/06 01:00,0.0
01/24/06 02:00,0.0
01/24/06 03:00,0.0
01/24/06 04:00,0.0
01/24/06 05:00,0.0
01/24/06 06:00,0.0
01/24/06 07:00,0.0
01/24/06 08:00,26.3
01/24/06 09:00,50.8
01/24/06 10:00,49.2
01/24/06 11:00,37.8
01/24/06 12:00,42.7
01/24/06 13:00,49.1
01/24/06 14:00,52.8
01/24/06 15:00,53.0
01/24/06 16:00,30.7
01/24/06 17:00,0.0
01/24/06 18:00,0.0
01/24/06 19:00,0.0
01/24/06 20:00,0.0
01/24/06 21:00,0.0
01/24/06 22:00,0.0
01/24/06 23:00,0.0
01/25/06 00:00,0.0
01/25/06 01:00,0.0
01/25/06 02:00,0.0
01/25/06 03:00,0.0
01/25/06 04:00,0.0
01/25/06 05:00,0.0
01/25/06 06:00,0.0
01/25/06 07:00,0.0
01/25/06 08:00,30.6
01/25/06 09:00,50.2
01/25/06 10:00,44.5
01/25/06 11:00,34.9
01/25/06 12:00,41.3
01/25/06 13:00,48.6
01/25/06 14:00,53.4
01/25/06 15:00,49.1
01/25/06 16:00,29.9
01/25/06 17:00,0.0
01/25/06 18:00,0.0
01/25/06 19:00,0.0
01/25/06 20:00,0.0
01/25/06 21:00,0.0
01/25/06 22:00,0.0
01/25/06 23:00,0.0
01/26/06 00:00,0.0
01/26/06 01:00,0.0
01/26/06 02:00,0.0
01/26/06 03:00,0.0
01/26/06 04:00,0.0
01/26/06 05:00,0.0
01/26/06 06:00,0.0
01/26/06 07:00,0.0
01/26/06 08:00,28.8
01/26/06 09:00,43.9
01/26/06 10:00,41.2
01/26/06 11:00,38.7
01/26/06 12:00,36.0
01/26/06 13:00,42.1
01/26/06 14:00,56.0
01/26/06 15:00,39.8
01/26/06 16:00,11.8
01/26/06 17:00,0.0
01/26/06 18:00,0.0
01/26/06 19:00,0.0
01/26/06 20:00,0.0
01/26/06 21:00,0.0
01/26/06 22:00,0.0
01/26/06 23:00,0.0
01/27/06 00:00,0.0
01/27/06 01:00,0.0
01/27/06 02:00,0.0
01/27/06 03:00,0.0
01/27/06 04:00,0.0
01/27/06 05:00,0.0
01/27/06 06:00,0.0
01/27/06 07:00,0.0
01/27/06 08:00,33.0
01/27/06 09:00,46.5
01/27/06 10:00,47.2
01/27/06 11:00,42.0
01/27/06 12:00,43.8
01/27/06 13:00,50.5
01/27/06 14:00,54.3
01/27/06 15:00,35.7
01/27/06 16:00,32.2
01/27/06 17:00,0.0
01/27/06 18:00,0.0
01/27/06 19:00,0.0
01/27/06 20:00,0.0
01/27/06 21:00,0.0
01/27/06 22:00,0.0
01/27/06 23:00,0.0
01/28/06 00:00,0.0
01/28/06 01:00,0.0
01/28/06 02:00,0.0
01/28/06 03:00,0.0
01/28/06 04:00,0.0
01/28/06 05:00,0.0
01/28/06 06:00,0.0
01/28/06 07:00,0.0
01/28/06 08:00,0.2
01/28/06 09:00,12.7
01/28/06 10:00,35.7
01/28/06 11:00,35.9
01/28/06 12:00,37.4
01/28/06 13:00,50.3
01/28/06 14:00,60.8
01/28/06 15:00,53.0
01/28/06 16:00,33.1
01/28/06 17:00,0.0
01/28/06 18:00,0.0
01/28/06 19:00,0.0
01/28/06 20:00,0.0
01/28/06 21:00,0.0
01/28/06 22:00,0.0
01/28/06 23:00,0.0
01/29/06 00:00,0.0
01/29/06 01:00,0.0
01/29/06 02:00,0.0
01/29/06 03:00,0.0
01/29/06 04:00,0.0
01/29/06 05:00,0.0
01/29/06 06:00,0.0
01/29/06 07:00,0.0
01/29/06 08:00,0.0
01/29/06 09:00,46.6
01/29/06 10:00,49.1
01/29/06 11:00,40.4
01/29/06 12:00,33.1
01/29/06 13:00,35.6
01/29/06 14:00,35.1
01/29/06 15:00,43.6
01/29/06 16:00,26.0
01/29/06 17:00,0.0
01/29/06 18:00,0.0
01/29/06 19:00,0.0
01/29/06 20:00,0.0
01/29/06 21:00,0.0
01/29/06 22:00,0.0
01/29/06 23:00,0.0
01/30/06 00:00,0.0
01/30/06 01:00,0.0
01/30/06 02:00,0.0
01/30/06 03:00,0.0
01/30/06 04:00,0.0
01/30/06 05:00,0.0
01/30/06 06:00,0.0
01/30/06 07:00,0.0
01/30/06 08:00,33.9
01/30/06 09:00,49.5
01/30/06 10:00,47.2
01/30/06 11:00,33.9
01/30/06 12:00,45.8
01/30/06 13:00,54.1
01/30/06 14:00,60.6
01/30/06 15:00,56.1
01/30/06 16:00,32.8
01/30/06 17:00,0.0
01/30/06 18:00,0.0
01/30/06 19:00,0.0
01/30/06 20:00,0.0
01/30/06 21:00,0.0
01/30/06 22:00,0.0
01/30/06 23:00,0.0
01/31/06 00:00,0.0
01/31/06 01:00,0.0
01/31/06 02:00,0.0
01/31/06 03:00,0.0
01/31/06 04:00,0.0
01/31/06 05:00,0.0
01/31/06 06:00,0.0
01/31/06 07:00,0.0
01/31/06 08:00,0.1
01/31/06 09:00,2.0
01/31/06 10:00,18.4
01/31/06 11:00,26.7
01/31/06 12:00,25.4
01/31/06 13:00,32.1
01/31/06 14:00,41.9
01/31/06 15:00,40.5
01/31/06 16:00,23.9
01/31/06 17:00,0.0
01/31/06 18:00,0.0
01/31/06 19:00,0.0
01/31/06 20:00,0.0
01/31/06 21:00,0.0
01/31/06 22:00,0.0
01/31/06 23:00,0.0
02/01/06 00:00,0.0
02/01/06 01:00,0.0
02/01/06 02:00,0.0
02/01/06 03:00,0.0
02/01/06 04:00,0.0
02/01/06 05:00,0.0
02/01/06 06:00,0.0
02/01/06 07:00,0.0
02/01/06 08:00,27.5
02/01/06 09:00,47.1
02/01/06 10:00,45.1
02/01/06 11:00,32.2
02/01/06 12:00,37.1
02/01/06 13:00,37.7
02/01/06 14:00,27.4
02/01/06 15:00,34.9
02/01/06 16:00,23.3
02/01/06 17:00,0.0
02/01/06 18:00,0.0
02/01/06 19:00,0.0
02/01/06 20:00,0.0
02/01/06 21:00,0.0
02/01/06 22:00,0.0
02/01/06 23:00,0.0
02/02/06 00:00,0.0
02/02/06 01:00,0.0
02/02/06 02:00,0.0
02/02/06 03:00,0.0
02/02/06 04:00,0.0
02/02/06 05:00,0.0
02/02/06 06:00,0.0
02/02/06 07:00,0.0
02/02/06 08:00,29.2
02/02/06 09:00,55.0
02/02/06 10:00,54.4
02/02/06 11:00,42.3
02/02/06 12:00,31.4
02/02/06 13:00,30.0
02/02/06 14:00,34.2
02/02/06 15:00,28.8
02/02/06 16:00,24.1
02/02/06 17:00,0.0
02/02/06 18:00,0.0
02/02/06 19:00,0.0
02/02/06 20:00,0.0
02/02/06 21:00,0.0
02/02/06 22:00,0.0
02/02/06 23:00,0.0
02/03/06 00:00,0.0
02/03/06 01:00,0.0
02/03/06 02:00,0.0
02/03/06 03:00,0.0
02/03/06 04:00,0.0
02/03/06 05:00,0.0
02/03/06 06:00,0.0
02/03/06 07:00,0.0
02/03/06 08:00,2.1
02/03/06 09:00,17.2
02/03/06 10:00,36.6
02/03/06 11:00,24.3
02/03/06 12:00,25.9
02/03/06 13:00,39.1
02/03/06 14:00,47.1
02/03/06 15:00,48.2
02/03/06 16:00,26.6
02/03/06 17:00,0.0
02/03/06 18:00,0.0
02/03/06 19:00,0.0
02/03/06 20:00,0.0
02/03/06 21:00,0.0
02/03/06 22:00,0.0
02/03/06 23:00,0.0
02/04/06 00:00,0.0
02/04/06 01:00,0.0
02/04/06 02:00,0.0
02/04/06 03:00,0.0
02/04/06 04:00,0.0
02/04/06 05:00,0.0
02/04/06 06:00,0.0
02/04/06 07:00,0.0
02/04/06 08:00,28.9
02/04/06 09:00,52.8
02/04/06 10:00,47.2
02/04/06 11:00,35.4
02/04/06 12:00,35.3
02/04/06 13:00,33.8
02/04/06 14:00,46.2
02/04/06 15:00,30.6
02/04/06 16:00,28.8
02/04/06 17:00,0.0
02/04/06 18:00,0.0
02/04/06 19:00,0.0
02/04/06 20:00,0.0
02/04/06 21:00,0.0
02/04/06 22:00,0.0
02/04/06 23:00,0.0
02/05/06 00:00,0.0
02/05/06 01:00,0.0
02/05/06 02:00,0.0
02/05/06 03:00,0.0
02/05/06 04:00,0.0
02/05/06 05:00,0.0
02/05/06 06:00,0.0
02/05/06 07:00,0.0
02/05/06 08:00,0.0
02/05/06 09:00,0.0
02/05/06 10:00,11.8
02/05/06 11:00,20.6
02/05/06 12:00,27.2
02/05/06 13:00,25.4
02/05/06 14:00,27.3
02/05/06 15:00,25.0
02/05/06 16:00,20.0
02/05/06 17:00,0.0
02/05/06 18:00,0.0
02/05/06 19:00,0.0
02/05/06 20:00,0.0
02/05/06 21:00,0.0
02/05/06 22:00,0.0
02/05/06 23:00,0.0
02/06/06 00:00,0.0
02/06/06 01:00,0.0
02/06/06 02:00,0.0
02/06/06 03:00,0.0
02/06/06 04:00,0.0
02/06/06 05:00,0.0
02/06/06 06:00,0.0
02/06/06 07:00,0.0
02/06/06 08:00,4.5
02/06/06 09:00,24.7
02/06/06 10:00,42.1
02/06/06 11:00,31.2
02/06/06 12:00,36.9
02/06/06 13:00,0.0
02/06/06 14:00,65.9
02/06/06 15:00,41.2
02/06/06 16:00,29.8
02/06/06 17:00,0.0
02/06/06 18:00,0.0
02/06/06 19:00,0.0
02/06/06 20:00,0.0
02/06/06 21:00,0.0
02/06/06 22:00,0.0
02/06/06 23:00,0.0
02/07/06 00:00,0.0
02/07/06 01:00,0.0
02/07/06 02:00,0.0
02/07/06 03:00,0.0
02/07/06 04:00,0.0
02/07/06 05:00,0.0
02/07/06 06:00,0.0
02/07/06 07:00,0.0
02/07/06 08:00,33.1
02/07/06 09:00,57.0
02/07/06 10:00,45.8
02/07/06 11:00,39.1
02/07/06 12:00,42.5
02/07/06 13:00,46.0
02/07/06 14:00,58.4
02/07/06 15:00,57.7
02/07/06 16:00,40.2
02/07/06 17:00,0.0
02/07/06 18:00,0.0
02/07/06 19:00,0.0
02/07/06 20:00,0.0
02/07/06 21:00,0.0
02/07/06 22:00,0.0
02/07/06 23:00,0.0
02/08/06 00:00,0.0
02/08/06 01:00,0.0
02/08/06 02:00,0.0
02/08/06 03:00,0.0
02/08/06 04:00,0.0
02/08/06 05:00,0.0
02/08/06 06:00,0.0
02/08/06 07:00,0.0
02/08/06 08:00,38.3
02/08/06 09:00,47.7
02/08/06 10:00,27.9
02/08/06 11:00,32.8
02/08/06 12:00,41.3
02/08/06 13:00,41.9
02/08/06 14:00,38.0
02/08/06 15:00,39.3
02/08/06 16:00,30.1
02/08/06 17:00,0.0
02/08/06 18:00,0.0
02/08/06 19:00,0.0
02/08/06 20:00,0.0
02/08/06 21:00,0.0
02/08/06 22:00,0.0
02/08/06 23:00,0.0
02/09/06 00:00,0.0
02/09/06 01:00,0.0
02/09/06 02:00,0.0
02/09/06 03:00,0.0
02/09/06 04:00,0.0
02/09/06 05:00,0.0
02/09/06 06:00,0.0
02/09/06 07:00,0.0
02/09/06 08:00,2.1
02/09/06 09:00,44.0
02/09/06 10:00,42.1
02/09/06 11:00,34.7
02/09/06 12:00,38.8
02/09/06 13:00,34.3
02/09/06 14:00,34.1
02/09/06 15:00,46.8
02/09/06 16:00,42.1
02/09/06 17:00,0.0
02/09/06 18:00,0.0
02/09/06 19:00,0.0
02/09/06 20:00,0.0
02/09/06 21:00,0.0
02/09/06 22:00,0.0
02/09/06 23:00,0.0
02/10/06 00:00,0.0
02/10/06 01:00,0.0
02/10/06 02:00,0.0
02/10/06 03:00,0.0
02/10/06 04:00,0.0
02/10/06 05:00,0.0
02/10/06 06:00,0.0
02/10/06 07:00,0.0
02/10/06 08:00,2.5
02/10/06 09:00,21.5
02/10/06 10:00,22.8
02/10/06 11:00,29.8
02/10/06 12:00,32.6
02/10/06 13:00,22.1
02/10/06 14:00,32.3
02/10/06 15:00,22.9
02/10/06 16:00,23.8
02/10/06 17:00,0.0
02/10/06 18:00,0.0
02/10/06 19:00,0.0
02/10/06 20:00,0.0
02/10/06 21:00,0.0
02/10/06 22:00,0.0
02/10/06 23:00,0.0
02/11/06 00:00,0.0
02/11/06 01:00,0.0
02/11/06 02:00,0.0
02/11/06 03:00,0.0
02/11/06 04:00,0.0
02/11/06 05:00,0.0
02/11/06 06:00,0.0
02/11/06 07:00,0.0
02/11/06 08:00,48.5
02/11/06 09:00,63.1
02/11/06 10:00,48.6
02/11/06 11:00,42.6
02/11/06 12:00,45.8
02/11/06 13:00,50.8
02/11/06 14:00,60.6
02/11/06 15:00,54.8
02/11/06 16:00,43.7
02/11/06 17:00,0.0
02/11/06 18:00,0.0
02/11/06 19:00,0.0
02/11/06 20:00,0.0
02/11/06 21:00,0.0
02/11/06 22:00,0.0
02/11/06 23:00,0.0
02/12/06 00:00,0.0
02/12/06 01:00,0.0
02/12/06 02:00,0.0
02/12/06 03:00,0.0
02/12/06 04:00,0.0
02/12/06 05:00,0.0
02/12/06 06:00,0.0
02/12/06 07:00,0.0
02/12/06 08:00,47.0
02/12/06 09:00,63.1
02/12/06 10:00,60.6
02/12/06 11:00,46.4
02/12/06 12:00,46.1
02/12/06 13:00,58.1
02/12/06 14:00,62.4
02/12/06 15:00,59.7
02/12/06 16:00,44.8
02/12/06 17:00,0.0
02/12/06 18:00,0.0
02/12/06 19:00,0.0
02/12/06 20:00,0.0
02/12/06 21:00,0.0
02/12/06 22:00,0.0
02/12/06 23:00,0.0
02/13/06 00:00,0.0
02/13/06 01:00,0.0
02/13/06 02:00,0.0
02/13/06 03:00,0.0
02/13/06 04:00,0.0
02/13/06 05:00,0.0
02/13/06 06:00,0.0
02/13/06 07:00,0.0
02/13/06 08:00,42.5
02/13/06 09:00,53.0
02/13/06 10:00,50.5
02/13/06 11:00,43.3
02/13/06 12:00,41.3
02/13/06 13:00,49.0
02/13/06 14:00,61.8
02/13/06 15:00,58.4
02/13/06 16:00,43.8
02/13/06 17:00,0.0
02/13/06 18:00,0.0
02/13/06 19:00,0.0
02/13/06 20:00,0.0
02/13/06 21:00,0.0
02/13/06 22:00,0.0
02/13/06 23:00,0.0
02/14/06 00:00,0.0
02/14/06 01:00,0.0
02/14/06 02:00,0.0
02/14/06 03:00,0.0
02/14/06 04:00,0.0
02/14/06 05:00,0.0
02/14/06 06:00,0.0
02/14/06 07:00,0.0
02/14/06 08:00,2.4
02/14/06 09:00,26.2
02/14/06 10:00,41.2
02/14/06 11:00,39.5
02/14/06 12:00,41.5
02/14/06 13:00,44.3
02/14/06 14:00,28.9
02/14/06 15:00,21.5
02/14/06 16:00,20.3
02/14/06 17:00,0.0
02/14/06 18:00,0.0
02/14/06 19:00,0.0
02/14/06 20:00,0.0
02/14/06 21:00,0.0
02/14/06 22:00,0.0
02/14/06 23:00,0.0
02/15/06 00:00,0.0
02/15/06 01:00,0.0
02/15/06 02:00,0.0
02/15/06 03:00,0.0
02/15/06 04:00,0.0
02/15/06 05:00,0.0
02/15/06 06:00,0.0
02/15/06 07:00,0.0
02/15/06 08:00,0.1
02/15/06 09:00,2.0
02/15/06 10:00,10.3
02/15/06 11:00,16.4
02/15/06 12:00,25.0
02/15/06 13:00,22.3
02/15/06 14:00,4.6
02/15/06 15:00,6.3
02/15/06 16:00,11.3
02/15/06 17:00,0.0
02/15/06 18:00,0.0
02/15/06 19:00,0.0
02/15/06 20:00,0.0
02/15/06 21:00,0.0
02/15/06 22:00,0.0
02/15/06 23:00,0.0
02/16/06 00:00,0.0
02/16/06 01:00,0.0
02/16/06 02:00,0.0
02/16/06 03:00,0.0
02/16/06 04:00,0.0
02/16/06 05:00,0.0
02/16/06 06:00,0.0
02/16/06 07:00,0.0
02/16/06 08:00,11.0
02/16/06 09:00,28.5
02/16/06 10:00,51.3
02/16/06 11:00,53.1
02/16/06 12:00,33.7
02/16/06 13:00,52.0
02/16/06 14:00,64.6
02/16/06 15:00,73.3
02/16/06 16:00,35.7
02/16/06 17:00,0.0
02/16/06 18:00,0.0
02/16/06 19:00,0.0
02/16/06 20:00,0.0
02/16/06 21:00,0.0
02/16/06 22:00,0.0
02/16/06 23:00,0.0
02/17/06 00:00,0.0
02/17/06 01:00,0.0
02/17/06 02:00,0.0
02/17/06 03:00,0.0
02/17/06 04:00,0.0
02/17/06 05:00,0.0
02/17/06 06:00,0.0
02/17/06 07:00,0.0
02/17/06 08:00,9.2
02/17/06 09:00,24.3
02/17/06 10:00,35.3
02/17/06 11:00,43.0
02/17/06 12:00,43.3
02/17/06 13:00,42.2
02/17/06 14:00,40.7
02/17/06 15:00,36.5
02/17/06 16:00,28.5
02/17/06 17:00,0.0
02/17/06 18:00,0.0
02/17/06 19:00,0.0
02/17/06 20:00,0.0
02/17/06 21:00,0.0
02/17/06 22:00,0.0
02/17/06 23:00,0.0
02/18/06 00:00,0.0
02/18/06 01:00,0.0
02/18/06 02:00,0.0
02/18/06 03:00,0.0
02/18/06 04:00,0.0
02/18/06 05:00,0.0
02/18/06 06:00,0.0
02/18/06 07:00,0.9
02/18/06 08:00,48.2
02/18/06 09:00,48.5
02/18/06 10:00,37.6
02/18/06 11:00,32.3
02/18/06 12:00,33.7
02/18/06 13:00,42.9
02/18/06 14:00,62.5
02/18/06 15:00,51.7
02/18/06 16:00,54.6
02/18/06 17:00,0.0
02/18/06 18:00,0.0
02/18/06 19:00,0.0
02/18/06 20:00,0.0
02/18/06 21:00,0.0
02/18/06 22:00,0.0
02/18/06 23:00,0.0
02/19/06 00:00,0.0
02/19/06 01:00,0.0
02/19/06 02:00,0.0
02/19/06 03:00,0.0
02/19/06 04:00,0.0
02/19/06 05:00,0.0
02/19/06 06:00,0.0
02/19/06 07:00,4.2
02/19/06 08:00,48.5
02/19/06 09:00,49.2
02/19/06 10:00,38.0
02/19/06 11:00,32.7
02/19/06 12:00,31.3
02/19/06 13:00,38.4
02/19/06 14:00,52.9
02/19/06 15:00,48.8
02/19/06 16:00,40.6
02/19/06 17:00,0.0
02/19/06 18:00,0.0
02/19/06 19:00,0.0
02/19/06 20:00,0.0
02/19/06 21:00,0.0
02/19/06 22:00,0.0
02/19/06 23:00,0.0
02/20/06 00:00,0.0
02/20/06 01:00,0.0
02/20/06 02:00,0.0
02/20/06 03:00,0.0
02/20/06 04:00,0.0
02/20/06 05:00,0.0
02/20/06 06:00,0.0
02/20/06 07:00,10.2
02/20/06 08:00,48.2
02/20/06 09:00,47.4
02/20/06 10:00,35.8
02/20/06 11:00,32.4
02/20/06 12:00,34.9
02/20/06 13:00,57.8
02/20/06 14:00,61.2
02/20/06 15:00,59.8
02/20/06 16:00,50.1
02/20/06 17:00,0.0
02/20/06 18:00,0.0
02/20/06 19:00,0.0
02/20/06 20:00,0.0
02/20/06 21:00,0.0
02/20/06 22:00,0.0
02/20/06 23:00,0.0
02/21/06 00:00,0.0
02/21/06 01:00,0.0
02/21/06 02:00,0.0
02/21/06 03:00,0.0
02/21/06 04:00,0.0
02/21/06 05:00,0.0
02/21/06 06:00,0.0
02/21/06 07:00,11.6
02/21/06 08:00,39.0
02/21/06 09:00,55.2
02/21/06 10:00,50.4
02/21/06 11:00,45.4
02/21/06 12:00,35.8
02/21/06 13:00,56.3
02/21/06 14:00,61.4
02/21/06 15:00,48.7
02/21/06 16:00,35.4
02/21/06 17:00,0.0
02/21/06 18:00,0.0
02/21/06 19:00,0.0
02/21/06 20:00,0.0
02/21/06 21:00,0.0
02/21/06 22:00,0.0
02/21/06 23:00,0.0
02/22/06 00:00,0.0
02/22/06 01:00,0.0
02/22/06 02:00,0.0
02/22/06 03:00,0.0
02/22/06 04:00,0.0
02/22/06 05:00,0.0
02/22/06 06:00,0.0
02/22/06 07:00,16.3
02/22/06 08:00,48.3
02/22/06 09:00,59.4
02/22/06 10:00,41.7
02/22/06 11:00,61.4
02/22/06 12:00,59.3
02/22/06 13:00,63.7
02/22/06 14:00,64.8
02/22/06 15:00,62.5
02/22/06 16:00,50.8
02/22/06 17:00,0.0
02/22/06 18:00,0.0
02/22/06 19:00,0.0
02/22/06 20:00,0.0
02/22/06 21:00,0.0
02/22/06 22:00,0.0
02/22/06 23:00,0.0
02/23/06 00:00,0.0
02/23/06 01:00,0.0
02/23/06 02:00,0.0
02/23/06 03:00,0.0
02/23/06 04:00,0.0
02/23/06 05:00,0.0
02/23/06 06:00,0.0
02/23/06 07:00,18.0
02/23/06 08:00,58.6
02/23/06 09:00,54.1
02/23/06 10:00,52.1
02/23/06 11:00,61.7
02/23/06 12:00,59.5
02/23/06 13:00,62.8
02/23/06 14:00,66.1
02/23/06 15:00,63.7
02/23/06 16:00,51.7
02/23/06 17:00,0.0
02/23/06 18:00,0.0
02/23/06 19:00,0.0
02/23/06 20:00,0.0
02/23/06 21:00,0.0
02/23/06 22:00,0.0
02/23/06 23:00,0.0
02/24/06 00:00,0.0
02/24/06 01:00,0.0
02/24/06 02:00,0.0
02/24/06 03:00,0.0
02/24/06 04:00,0.0
02/24/06 05:00,0.0
02/24/06 06:00,0.0
02/24/06 07:00,18.4
02/24/06 08:00,52.7
02/24/06 09:00,62.3
02/24/06 10:00,62.5
02/24/06 11:00,57.9
02/24/06 12:00,62.1
02/24/06 13:00,68.3
02/24/06 14:00,53.3
02/24/06 15:00,38.5
02/24/06 16:00,24.7
02/24/06 17:00,0.0
02/24/06 18:00,0.0
02/24/06 19:00,0.0
02/24/06 20:00,0.0
02/24/06 21:00,0.0
02/24/06 22:00,0.0
02/24/06 23:00,0.0
02/25/06 00:00,0.0
02/25/06 01:00,0.0
02/25/06 02:00,0.0
02/25/06 03:00,0.0
02/25/06 04:00,0.0
02/25/06 05:00,0.0
02/25/06 06:00,0.0
02/25/06 07:00,13.9
02/25/06 08:00,48.8
02/25/06 09:00,55.3
02/25/06 10:00,50.2
02/25/06 11:00,40.8
02/25/06 12:00,36.6
02/25/06 13:00,53.1
02/25/06 14:00,55.7
02/25/06 15:00,54.2
02/25/06 16:00,33.5
02/25/06 17:00,0.0
02/25/06 18:00,0.0
02/25/06 19:00,0.0
02/25/06 20:00,0.0
02/25/06 21:00,0.0
02/25/06 22:00,0.0
02/25/06 23:00,0.0
02/26/06 00:00,0.0
02/26/06 01:00,0.0
02/26/06 02:00,0.0
02/26/06 03:00,0.0
02/26/06 04:00,0.0
02/26/06 05:00,0.0
02/26/06 06:00,0.0
02/26/06 07:00,0.0
02/26/06 08:00,50.7
02/26/06 09:00,54.9
02/26/06 10:00,52.3
02/26/06 11:00,42.0
02/26/06 12:00,47.8
02/26/06 13:00,53.5
02/26/06 14:00,63.5
02/26/06 15:00,63.2
02/26/06 16:00,42.7
02/26/06 17:00,23.9
02/26/06 18:00,0.0
02/26/06 19:00,0.0
02/26/06 20:00,0.0
02/26/06 21:00,0.0
02/26/06 22:00,0.0
02/26/06 23:00,0.0
02/27/06 00:00,0.0
02/27/06 01:00,0.0
02/27/06 02:00,0.0
02/27/06 03:00,0.0
02/27/06 04:00,0.0
02/27/06 05:00,0.0
02/27/06 06:00,0.0
02/27/06 07:00,22.4
02/27/06 08:00,50.8
02/27/06 09:00,61.7
02/27/06 10:00,59.8
02/27/06 11:00,49.5
02/27/06 12:00,40.8
02/27/06 13:00,57.3
02/27/06 14:00,69.4
02/27/06 15:00,63.3
02/27/06 16:00,36.1
02/27/06 17:00,19.6
02/27/06 18:00,0.0
02/27/06 19:00,0.0
02/27/06 20:00,0.0
02/27/06 21:00,0.0
02/27/06 22:00,0.0
02/27/06 23:00,0.0
02/28/06 00:00,0.0
02/28/06 01:00,0.0
02/28/06 02:00,0.0
02/28/06 03:00,0.0
02/28/06 04:00,0.0
02/28/06 05:00,0.0
02/28/06 06:00,0.0
02/28/06 07:00,23.2
02/28/06 08:00,45.8
02/28/06 09:00,49.7
02/28/06 10:00,47.0
02/28/06 11:00,45.9
02/28/06 12:00,50.3
02/28/06 13:00,47.9
02/28/06 14:00,46.2
02/28/06 15:00,45.0
02/28/06 16:00,25.7
02/28/06 17:00,15.9
02/28/06 18:00,0.0
02/28/06 19:00,0.0
02/28/06 20:00,0.0
02/28/06 21:00,0.0
02/28/06 22:00,0.0
02/28/06 23:00,0.0
03/01/06 00:00,0.0
03/01/06 01:00,0.0
03/01/06 02:00,0.0
03/01/06 03:00,0.0
03/01/06 04:00,0.0
03/01/06 05:00,0.0
03/01/06 06:00,0.0
03/01/06 07:00,21.7
03/01/06 08:00,55.9
03/01/06 09:00,54.3
03/01/06 10:00,45.8
03/01/06 11:00,46.0
03/01/06 12:00,53.4
03/01/06 13:00,53.2
03/01/06 14:00,65.4
03/01/06 15:00,63.0
03/01/06 16:00,50.3
03/01/06 17:00,25.3
03/01/06 18:00,0.0
03/01/06 19:00,0.0
03/01/06 20:00,0.0
03/01/06 21:00,0.0
03/01/06 22:00,0.0
03/01/06 23:00,0.0
03/02/06 00:00,0.0
03/02/06 01:00,0.0
03/02/06 02:00,0.0
03/02/06 03:00,0.0
03/02/06 04:00,0.0
03/02/06 05:00,0.0
03/02/06 06:00,0.0
03/02/06 07:00,30.3
03/02/06 08:00,57.8
03/02/06 09:00,66.7
03/02/06 10:00,59.3
03/02/06 11:00,55.1
03/02/06 12:00,55.2
03/02/06 13:00,60.7
03/02/06 14:00,64.1
03/02/06 15:00,60.6
03/02/06 16:00,48.3
03/02/06 17:00,25.6
03/02/06 18:00,0.0
03/02/06 19:00,0.0
03/02/06 20:00,0.0
03/02/06 21:00,0.0
03/02/06 22:00,0.0
03/02/06 23:00,0.0
03/03/06 00:00,0.0
03/03/06 01:00,0.0
03/03/06 02:00,0.0
03/03/06 03:00,0.0
03/03/06 04:00,0.0
03/03/06 05:00,0.0
03/03/06 06:00,0.0
03/03/06 07:00,29.5
03/03/06 08:00,60.4
03/03/06 09:00,59.8
03/03/06 10:00,54.0
03/03/06 11:00,46.6
03/03/06 12:00,50.1
03/03/06 13:00,48.8
03/03/06 14:00,63.5
03/03/06 15:00,68.1
03/03/06 16:00,51.4
03/03/06 17:00,25.0
03/03/06 18:00,0.0
03/03/06 19:00,0.0
03/03/06 20:00,0.0
03/03/06 21:00,0.0
03/03/06 22:00,0.0
03/03/06 23:00,0.0
03/04/06 00:00,0.0
03/04/06 01:00,0.0
03/04/06 02:00,0.0
03/04/06 03:00,0.0
03/04/06 04:00,0.0
03/04/06 05:00,0.0
03/04/06 06:00,0.0
03/04/06 07:00,29.1
03/04/06 08:00,51.0
03/04/06 09:00,55.5
03/04/06 10:00,52.0
03/04/06 11:00,44.2
03/04/06 12:00,39.4
03/04/06 13:00,54.3
03/04/06 14:00,37.4
03/04/06 15:00,17.9
03/04/06 16:00,19.4
03/04/06 17:00,0.2
03/04/06 18:00,0.0
03/04/06 19:00,0.0
03/04/06 20:00,0.0
03/04/06 21:00,0.0
03/04/06 22:00,0.0
03/04/06 23:00,0.0
03/05/06 00:00,0.0
03/05/06 01:00,0.0
03/05/06 02:00,0.0
03/05/06 03:00,0.0
03/05/06 04:00,0.0
03/05/06 05:00,0.0
03/05/06 06:00,0.0
03/05/06 07:00,33.1
03/05/06 08:00,59.7
03/05/06 09:00,57.8
03/05/06 10:00,58.8
03/05/06 11:00,48.8
03/05/06 12:00,53.3
03/05/06 13:00,56.6
03/05/06 14:00,61.1
03/05/06 15:00,63.1
03/05/06 16:00,51.9
03/05/06 17:00,27.4
03/05/06 18:00,0.0
03/05/06 19:00,0.0
03/05/06 20:00,0.0
03/05/06 21:00,0.0
03/05/06 22:00,0.0
03/05/06 23:00,0.0
03/06/06 00:00,0.0
03/06/06 01:00,0.0
03/06/06 02:00,0.0
03/06/06 03:00,0.0
03/06/06 04:00,0.0
03/06/06 05:00,0.0
03/06/06 06:00,0.0
03/06/06 07:00,32.5
03/06/06 08:00,63.0
03/06/06 09:00,64.8
03/06/06 10:00,58.2
03/06/06 11:00,56.5
03/06/06 12:00,52.7
03/06/06 13:00,51.0
03/06/06 14:00,43.3
03/06/06 15:00,32.7
03/06/06 16:00,22.8
03/06/06 17:00,22.7
03/06/06 18:00,0.0
03/06/06 19:00,0.0
03/06/06 20:00,0.0
03/06/06 21:00,0.0
03/06/06 22:00,0.0
03/06/06 23:00,0.0
03/07/06 00:00,0.0
03/07/06 01:00,0.0
03/07/06 02:00,0.0
03/07/06 03:00,0.0
03/07/06 04:00,0.0
03/07/06 05:00,0.0
03/07/06 06:00,0.0
03/07/06 07:00,0.0
03/07/06 08:00,13.7
03/07/06 09:00,38.7
03/07/06 10:00,53.0
03/07/06 11:00,57.6
03/07/06 12:00,55.5
03/07/06 13:00,60.2
03/07/06 14:00,36.5
03/07/06 15:00,30.8
03/07/06 16:00,20.7
03/07/06 17:00,0.0
03/07/06 18:00,0.0
03/07/06 19:00,0.0
03/07/06 20:00,0.0
03/07/06 21:00,0.0
03/07/06 22:00,0.0
03/07/06 23:00,0.0
03/08/06 00:00,0.0
03/08/06 01:00,0.0
03/08/06 02:00,0.0
03/08/06 03:00,0.0
03/08/06 04:00,0.0
03/08/06 05:00,0.0
03/08/06 06:00,0.0
03/08/06 07:00,0.0
03/08/06 08:00,0.2
03/08/06 09:00,21.3
03/08/06 10:00,29.9
03/08/06 11:00,11.4
03/08/06 12:00,20.6
03/08/06 13:00,32.4
03/08/06 14:00,38.5
03/08/06 15:00,25.7
03/08/06 16:00,20.3
03/08/06 17:00,17.3
03/08/06 18:00,0.0
03/08/06 19:00,0.0
03/08/06 20:00,0.0
03/08/06 21:00,0.0
03/08/06 22:00,0.0
03/08/06 23:00,0.0
03/09/06 00:00,0.0
03/09/06 01:00,0.0
03/09/06 02:00,0.0
03/09/06 03:00,0.0
03/09/06 04:00,0.0
03/09/06 05:00,0.0
03/09/06 06:00,0.0
03/09/06 07:00,31.4
03/09/06 08:00,42.8
03/09/06 09:00,39.6
03/09/06 10:00,42.3
03/09/06 11:00,53.1
03/09/06 12:00,44.0
03/09/06 13:00,34.7
03/09/06 14:00,29.3
03/09/06 15:00,52.1
03/09/06 16:00,26.1
03/09/06 17:00,18.2
03/09/06 18:00,0.0
03/09/06 19:00,0.0
03/09/06 20:00,0.0
03/09/06 21:00,0.0
03/09/06 22:00,0.0
03/09/06 23:00,0.0
03/10/06 00:00,0.0
03/10/06 01:00,0.0
03/10/06 02:00,0.0
03/10/06 03:00,0.0
03/10/06 04:00,0.0
03/10/06 05:00,0.0
03/10/06 06:00,0.0
03/10/06 07:00,23.3
03/10/06 08:00,41.2
03/10/06 09:00,22.0
03/10/06 10:00,22.7
03/10/06 11:00,37.4
03/10/06 12:00,46.7
03/10/06 13:00,44.0
03/10/06 14:00,17.6
03/10/06 15:00,2.4
03/10/06 16:00,0.1
03/10/06 17:00,23.5
03/10/06 18:00,0.0
03/10/06 19:00,0.0
03/10/06 20:00,0.0
03/10/06 21:00,0.0
03/10/06 22:00,0.0
03/10/06 23:00,0.0
03/11/06 00:00,0.0
03/11/06 01:00,0.0
03/11/06 02:00,0.0
03/11/06 03:00,0.0
03/11/06 04:00,0.0
03/11/06 05:00,0.0
03/11/06 06:00,0.0
03/11/06 07:00,14.7
03/11/06 08:00,62.9
03/11/06 09:00,74.9
03/11/06 10:00,73.2
03/11/06 11:00,67.0
03/11/06 12:00,65.2
03/11/06 13:00,65.2
03/11/06 14:00,58.5
03/11/06 15:00,28.2
03/11/06 16:00,51.5
03/11/06 17:00,31.4
03/11/06 18:00,0.0
03/11/06 19:00,0.0
03/11/06 20:00,0.0
03/11/06 21:00,0.0
03/11/06 22:00,0.0
03/11/06 23:00,0.0
03/12/06 00:00,0.0
03/12/06 01:00,0.0
03/12/06 02:00,0.0
03/12/06 03:00,0.0
03/12/06 04:00,0.0
03/12/06 05:00,0.0
03/12/06 06:00,0.0
03/12/06 07:00,0.1
03/12/06 08:00,7.8
03/12/06 09:00,18.9
03/12/06 10:00,24.2
03/12/06 11:00,29.6
03/12/06 12:00,31.1
03/12/06 13:00,40.1
03/12/06 14:00,28.9
03/12/06 15:00,24.2
03/12/06 16:00,17.5
03/12/06 17:00,30.0
03/12/06 18:00,0.0
03/12/06 19:00,0.0
03/12/06 20:00,0.0
03/12/06 21:00,0.0
03/12/06 22:00,0.0
03/12/06 23:00,0.0
03/13/06 00:00,0.0
03/13/06 01:00,0.0
03/13/06 02:00,0.0
03/13/06 03:00,0.0
03/13/06 04:00,0.0
03/13/06 05:00,0.0
03/13/06 06:00,0.0
03/13/06 07:00,31.7
03/13/06 08:00,47.7
03/13/06 09:00,52.1
03/13/06 10:00,41.5
03/13/06 11:00,33.9
03/13/06 12:00,33.2
03/13/06 13:00,30.2
03/13/06 14:00,33.3
03/13/06 15:00,54.8
03/13/06 16:00,56.0
03/13/06 17:00,33.5
03/13/06 18:00,0.0
03/13/06 19:00,0.0
03/13/06 20:00,0.0
03/13/06 21:00,0.0
03/13/06 22:00,0.0
03/13/06 23:00,0.0
03/14/06 00:00,0.0
03/14/06 01:00,0.0
03/14/06 02:00,0.0
03/14/06 03:00,0.0
03/14/06 04:00,0.0
03/14/06 05:00,0.0
03/14/06 06:00,0.0
03/14/06 07:00,27.0
03/14/06 08:00,50.6
03/14/06 09:00,51.2
03/14/06 10:00,45.1
03/14/06 11:00,40.4
03/14/06 12:00,66.4
03/14/06 13:00,66.7
03/14/06 14:00,68.8
03/14/06 15:00,63.7
03/14/06 16:00,57.2
03/14/06 17:00,33.3
03/14/06 18:00,0.0
03/14/06 19:00,0.0
03/14/06 20:00,0.0
03/14/06 21:00,0.0
03/14/06 22:00,0.0
03/14/06 23:00,0.0
03/15/06 00:00,0.0
03/15/06 01:00,0.0
03/15/06 02:00,0.0
03/15/06 03:00,0.0
03/15/06 04:00,0.0
03/15/06 05:00,0.0
03/15/06 06:00,0.0
03/15/06 07:00,26.8
03/15/06 08:00,55.2
03/15/06 09:00,51.3
03/15/06 10:00,45.9
03/15/06 11:00,41.2
03/15/06 12:00,48.4
03/15/06 13:00,51.1
03/15/06 14:00,56.6
03/15/06 15:00,26.1
03/15/06 16:00,21.7
03/15/06 17:00,23.7
03/15/06 18:00,0.0
03/15/06 19:00,0.0
03/15/06 20:00,0.0
03/15/06 21:00,0.0
03/15/06 22:00,0.0
03/15/06 23:00,0.0
03/16/06 00:00,0.0
03/16/06 01:00,0.0
03/16/06 02:00,0.0
03/16/06 03:00,0.0
03/16/06 04:00,0.0
03/16/06 05:00,0.0
03/16/06 06:00,0.0
03/16/06 07:00,0.9
03/16/06 08:00,23.6
03/16/06 09:00,54.5
03/16/06 10:00,39.7
03/16/06 11:00,36.5
03/16/06 12:00,32.9
03/16/06 13:00,57.5
03/16/06 14:00,46.2
03/16/06 15:00,34.6
03/16/06 16:00,44.0
03/16/06 17:00,34.8
03/16/06 18:00,0.0
03/16/06 19:00,0.0
03/16/06 20:00,0.0
03/16/06 21:00,0.0
03/16/06 22:00,0.0
03/16/06 23:00,0.0
03/17/06 00:00,0.0
03/17/06 01:00,0.0
03/17/06 02:00,0.0
03/17/06 03:00,0.0
03/17/06 04:00,0.0
03/17/06 05:00,0.0
03/17/06 06:00,0.0
03/17/06 07:00,25.2
03/17/06 08:00,24.6
03/17/06 09:00,42.4
03/17/06 10:00,62.7
03/17/06 11:00,62.9
03/17/06 12:00,55.6
03/17/06 13:00,58.5
03/17/06 14:00,52.4
03/17/06 15:00,49.2
03/17/06 16:00,38.8
03/17/06 17:00,28.4
03/17/06 18:00,0.0
03/17/06 19:00,0.0
03/17/06 20:00,0.0
03/17/06 21:00,0.0
03/17/06 22:00,0.0
03/17/06 23:00,0.0
03/18/06 00:00,0.0
03/18/06 01:00,0.0
03/18/06 02:00,0.0
03/18/06 03:00,0.0
03/18/06 04:00,0.0
03/18/06 05:00,0.0
03/18/06 06:00,0.0
03/18/06 07:00,17.8
03/18/06 08:00,15.0
03/18/06 09:00,15.0
03/18/06 10:00,32.9
03/18/06 11:00,40.6
03/18/06 12:00,27.7
03/18/06 13:00,39.1
03/18/06 14:00,19.5
03/18/06 15:00,20.2
03/18/06 16:00,0.1
03/18/06 17:00,19.0
03/18/06 18:00,0.0
03/18/06 19:00,0.0
03/18/06 20:00,0.0
03/18/06 21:00,0.0
03/18/06 22:00,0.0
03/18/06 23:00,0.0
03/19/06 00:00,0.0
03/19/06 01:00,0.0
03/19/06 02:00,0.0
03/19/06 03:00,0.0
03/19/06 04:00,0.0
03/19/06 05:00,0.0
03/19/06 06:00,0.0
03/19/06 07:00,1.2
03/19/06 08:00,19.4
03/19/06 09:00,30.4
03/19/06 10:00,40.1
03/19/06 11:00,49.8
03/19/06 12:00,46.9
03/19/06 13:00,48.7
03/19/06 14:00,23.2
03/19/06 15:00,32.3
03/19/06 16:00,36.6
03/19/06 17:00,23.0
03/19/06 18:00,0.0
03/19/06 19:00,0.0
03/19/06 20:00,0.0
03/19/06 21:00,0.0
03/19/06 22:00,0.0
03/19/06 23:00,0.0
03/20/06 00:00,0.0
03/20/06 01:00,0.0
03/20/06 02:00,0.0
03/20/06 03:00,0.0
03/20/06 04:00,0.0
03/20/06 05:00,0.0
03/20/06 06:00,0.0
03/20/06 07:00,4.8
03/20/06 08:00,24.3
03/20/06 09:00,33.8
03/20/06 10:00,44.3
03/20/06 11:00,48.8
03/20/06 12:00,53.4
03/20/06 13:00,47.5
03/20/06 14:00,44.5
03/20/06 15:00,36.6
03/20/06 16:00,27.2
03/20/06 17:00,16.7
03/20/06 18:00,0.0
03/20/06 19:00,0.0
03/20/06 20:00,0.0
03/20/06 21:00,0.0
03/20/06 22:00,0.0
03/20/06 23:00,0.0
03/21/06 00:00,0.0
03/21/06 01:00,0.0
03/21/06 02:00,0.0
03/21/06 03:00,0.0
03/21/06 04:00,0.0
03/21/06 05:00,0.0
03/21/06 06:00,0.0
03/21/06 07:00,17.2
03/21/06 08:00,35.2
03/21/06 09:00,54.1
03/21/06 10:00,51.8
03/21/06 11:00,35.7
03/21/06 12:00,30.3
03/21/06 13:00,31.2
03/21/06 14:00,30.1
03/21/06 15:00,27.8
03/21/06 16:00,20.6
03/21/06 17:00,24.3
03/21/06 18:00,0.0
03/21/06 19:00,0.0
03/21/06 20:00,0.0
03/21/06 21:00,0.0
03/21/06 22:00,0.0
03/21/06 23:00,0.0
03/22/06 00:00,0.0
03/22/06 01:00,0.0
03/22/06 02:00,0.0
03/22/06 03:00,0.0
03/22/06 04:00,0.0
03/22/06 05:00,0.0
03/22/06 06:00,0.0
03/22/06 07:00,44.2
03/22/06 08:00,57.3
03/22/06 09:00,58.1
03/22/06 10:00,56.0
03/22/06 11:00,50.9
03/22/06 12:00,41.7
03/22/06 13:00,55.4
03/22/06 14:00,50.4
03/22/06 15:00,34.2
03/22/06 16:00,26.2
03/22/06 17:00,34.2
03/22/06 18:00,0.0
03/22/06 19:00,0.0
03/22/06 20:00,0.0
03/22/06 21:00,0.0
03/22/06 22:00,0.0
03/22/06 23:00,0.0
03/23/06 00:00,0.0
03/23/06 01:00,0.0
03/23/06 02:00,0.0
03/23/06 03:00,0.0
03/23/06 04:00,0.0
03/23/06 05:00,0.0
03/23/06 06:00,0.0
03/23/06 07:00,33.4
03/23/06 08:00,57.6
03/23/06 09:00,52.3
03/23/06 10:00,40.5
03/23/06 11:00,44.3
03/23/06 12:00,66.6
03/23/06 13:00,67.7
03/23/06 14:00,67.8
03/23/06 15:00,67.7
03/23/06 16:00,57.3
03/23/06 17:00,39.9
03/23/06 18:00,0.0
03/23/06 19:00,0.0
03/23/06 20:00,0.0
03/23/06 21:00,0.0
03/23/06 22:00,0.0
03/23/06 23:00,0.0
03/24/06 00:00,0.0
03/24/06 01:00,0.0
03/24/06 02:00,0.0
03/24/06 03:00,0.0
03/24/06 04:00,0.0
03/24/06 05:00,0.0
03/24/06 06:00,0.0
03/24/06 07:00,7.6
03/24/06 08:00,28.0
03/24/06 09:00,46.9
03/24/06 10:00,67.6
03/24/06 11:00,66.4
03/24/06 12:00,61.0
03/24/06 13:00,70.9
03/24/06 14:00,70.5
03/24/06 15:00,69.3
03/24/06 16:00,59.3
03/24/06 17:00,40.9
03/24/06 18:00,0.0
03/24/06 19:00,0.0
03/24/06 20:00,0.0
03/24/06 21:00,0.0
03/24/06 22:00,0.0
03/24/06 23:00,0.0
03/25/06 00:00,0.0
03/25/06 01:00,0.0
03/25/06 02:00,0.0
03/25/06 03:00,0.0
03/25/06 04:00,0.0
03/25/06 05:00,0.0
03/25/06 06:00,0.0
03/25/06 07:00,3.2
03/25/06 08:00,21.2
03/25/06 09:00,34.1
03/25/06 10:00,49.7
03/25/06 11:00,60.1
03/25/06 12:00,57.1
03/25/06 13:00,65.4
03/25/06 14:00,65.3
03/25/06 15:00,59.4
03/25/06 16:00,43.6
03/25/06 17:00,31.9
03/25/06 18:00,0.0
03/25/06 19:00,0.0
03/25/06 20:00,0.0
03/25/06 21:00,0.0
03/25/06 22:00,0.0
03/25/06 23:00,0.0
03/26/06 00:00,0.0
03/26/06 01:00,0.0
03/26/06 02:00,0.0
03/26/06 03:00,0.0
03/26/06 04:00,0.0
03/26/06 05:00,0.0
03/26/06 06:00,0.0
03/26/06 07:00,14.2
03/26/06 08:00,56.9
03/26/06 09:00,57.6
03/26/06 10:00,49.1
03/26/06 11:00,37.4
03/26/06 12:00,33.3
03/26/06 13:00,29.2
03/26/06 14:00,53.9
03/26/06 15:00,25.9
03/26/06 16:00,19.9
03/26/06 17:00,4.3
03/26/06 18:00,0.0
03/26/06 19:00,0.0
03/26/06 20:00,0.0
03/26/06 21:00,0.0
03/26/06 22:00,0.0
03/26/06 23:00,0.0
03/27/06 00:00,0.0
03/27/06 01:00,0.0
03/27/06 02:00,0.0
03/27/06 03:00,0.0
03/27/06 04:00,0.0
03/27/06 05:00,0.0
03/27/06 06:00,0.0
03/27/06 07:00,6.5
03/27/06 08:00,72.0
03/27/06 09:00,82.9
03/27/06 10:00,77.2
03/27/06 11:00,70.5
03/27/06 12:00,69.0
03/27/06 13:00,70.3
03/27/06 14:00,72.1
03/27/06 15:00,68.1
03/27/06 16:00,60.2
03/27/06 17:00,36.4
03/27/06 18:00,0.0
03/27/06 19:00,0.0
03/27/06 20:00,0.0
03/27/06 21:00,0.0
03/27/06 22:00,0.0
03/27/06 23:00,0.0
03/28/06 00:00,0.0
03/28/06 01:00,0.0
03/28/06 02:00,0.0
03/28/06 03:00,0.0
03/28/06 04:00,0.0
03/28/06 05:00,0.0
03/28/06 06:00,1.6
03/28/06 07:00,57.9
03/28/06 08:00,75.3
03/28/06 09:00,83.7
03/28/06 10:00,76.0
03/28/06 11:00,57.0
03/28/06 12:00,62.3
03/28/06 13:00,68.9
03/28/06 14:00,69.3
03/28/06 15:00,70.8
03/28/06 16:00,61.9
03/28/06 17:00,42.7
03/28/06 18:00,0.0
03/28/06 19:00,0.0
03/28/06 20:00,0.0
03/28/06 21:00,0.0
03/28/06 22:00,0.0
03/28/06 23:00,0.0
03/29/06 00:00,0.0
03/29/06 01:00,0.0
03/29/06 02:00,0.0
03/29/06 03:00,0.0
03/29/06 04:00,0.0
03/29/06 05:00,0.0
03/29/06 06:00,0.0
03/29/06 07:00,10.8
03/29/06 08:00,24.5
03/29/06 09:00,40.6
03/29/06 10:00,49.3
03/29/06 11:00,58.2
03/29/06 12:00,57.0
03/29/06 13:00,60.7
03/29/06 14:00,59.0
03/29/06 15:00,56.3
03/29/06 16:00,39.0
03/29/06 17:00,0.0
03/29/06 18:00,0.0
03/29/06 19:00,0.0
03/29/06 20:00,0.0
03/29/06 21:00,0.0
03/29/06 22:00,0.0
03/29/06 23:00,0.0
03/30/06 00:00,0.0
03/30/06 01:00,0.0
03/30/06 02:00,0.0
03/30/06 03:00,0.0
03/30/06 04:00,0.0
03/30/06 05:00,0.0
03/30/06 06:00,0.0
03/30/06 07:00,12.8
03/30/06 08:00,6.2
03/30/06 09:00,25.3
03/30/06 10:00,54.8
03/30/06 11:00,46.8
03/30/06 12:00,49.2
03/30/06 13:00,56.7
03/30/06 14:00,39.9
03/30/06 15:00,29.5
03/30/06 16:00,35.1
03/30/06 17:00,22.6
03/30/06 18:00,0.0
03/30/06 19:00,0.0
03/30/06 20:00,0.0
03/30/06 21:00,0.0
03/30/06 22:00,0.0
03/30/06 23:00,0.0
03/31/06 00:00,0.0
03/31/06 01:00,0.0
03/31/06 02:00,0.0
03/31/06 03:00,0.0
03/31/06 04:00,0.0
03/31/06 05:00,0.0
03/31/06 06:00,15.9
03/31/06 07:00,58.9
03/31/06 08:00,44.3
03/31/06 09:00,70.1
03/31/06 10:00,69.2
03/31/06 11:00,75.6
03/31/06 12:00,60.7
03/31/06 13:00,67.4
03/31/06 14:00,67.6
03/31/06 15:00,67.1
03/31/06 16:00,52.9
03/31/06 17:00,35.6
03/31/06 18:00,0.0
03/31/06 19:00,0.0
03/31/06 20:00,0.0
03/31/06 21:00,0.0
03/31/06 22:00,0.0
03/31/06 23:00,0.0
04/01/06 00:00,0.0
04/01/06 01:00,0.0
04/01/06 02:00,0.0
04/01/06 03:00,0.0
04/01/06 04:00,0.0
04/01/06 05:00,0.0
04/01/06 06:00,16.9
04/01/06 07:00,17.7
04/01/06 08:00,21.3
04/01/06 09:00,30.5
04/01/06 10:00,33.0
04/01/06 11:00,48.9
04/01/06 12:00,53.3
04/01/06 13:00,49.1
04/01/06 14:00,48.6
04/01/06 15:00,29.5
04/01/06 16:00,31.8
04/01/06 17:00,17.8
04/01/06 18:00,0.0
04/01/06 19:00,0.0
04/01/06 20:00,0.0
04/01/06 21:00,0.0
04/01/06 22:00,0.0
04/01/06 23:00,0.0
04/02/06 00:00,0.0
04/02/06 01:00,0.0
04/02/06 02:00,0.0
04/02/06 03:00,0.0
04/02/06 04:00,0.0
04/02/06 05:00,0.0
04/02/06 06:00,0.0
04/02/06 07:00,11.1
04/02/06 08:00,7.1
04/02/06 09:00,21.7
04/02/06 10:00,29.6
04/02/06 11:00,10.5
04/02/06 12:00,9.3
04/02/06 13:00,13.3
04/02/06 14:00,0.9
04/02/06 15:00,3.1
04/02/06 16:00,14.9
04/02/06 17:00,24.6
04/02/06 18:00,0.0
04/02/06 19:00,0.0
04/02/06 20:00,0.0
04/02/06 21:00,0.0
04/02/06 22:00,0.0
04/02/06 23:00,0.0
04/03/06 00:00,0.0
04/03/06 01:00,0.0
04/03/06 02:00,0.0
04/03/06 03:00,0.0
04/03/06 04:00,0.0
04/03/06 05:00,0.0
04/03/06 06:00,0.2
04/03/06 07:00,8.0
04/03/06 08:00,22.0
04/03/06 09:00,55.6
04/03/06 10:00,61.7
04/03/06 11:00,65.2
04/03/06 12:00,51.5
04/03/06 13:00,62.0
04/03/06 14:00,76.9
04/03/06 15:00,75.3
04/03/06 16:00,44.4
04/03/06 17:00,31.2
04/03/06 18:00,0.0
04/03/06 19:00,0.0
04/03/06 20:00,0.0
04/03/06 21:00,0.0
04/03/06 22:00,0.0
04/03/06 23:00,0.0
04/04/06 00:00,0.0
04/04/06 01:00,0.0
04/04/06 02:00,0.0
04/04/06 03:00,0.0
04/04/06 04:00,0.0
04/04/06 05:00,0.0
04/04/06 06:00,0.2
04/04/06 07:00,29.2
04/04/06 08:00,63.5
04/04/06 09:00,52.9
04/04/06 10:00,51.2
04/04/06 11:00,49.9
04/04/06 12:00,45.2
04/04/06 13:00,34.5
04/04/06 14:00,37.0
04/04/06 15:00,38.6
04/04/06 16:00,30.6
04/04/06 17:00,32.8
04/04/06 18:00,0.0
04/04/06 19:00,0.0
04/04/06 20:00,0.0
04/04/06 21:00,0.0
04/04/06 22:00,0.0
04/04/06 23:00,0.0
04/05/06 00:00,0.0
04/05/06 01:00,0.0
04/05/06 02:00,0.0
04/05/06 03:00,0.0
04/05/06 04:00,0.0
04/05/06 05:00,0.0
04/05/06 06:00,24.9
04/05/06 07:00,56.1
04/05/06 08:00,61.5
04/05/06 09:00,66.9
04/05/06 10:00,69.6
04/05/06 11:00,62.9
04/05/06 12:00,66.5
04/05/06 13:00,71.2
04/05/06 14:00,59.7
04/05/06 15:00,70.7
04/05/06 16:00,26.0
04/05/06 17:00,26.5
04/05/06 18:00,0.0
04/05/06 19:00,0.0
04/05/06 20:00,0.0
04/05/06 21:00,0.0
04/05/06 22:00,0.0
04/05/06 23:00,0.0
04/06/06 00:00,0.0
04/06/06 01:00,0.0
04/06/06 02:00,0.0
04/06/06 03:00,0.0
04/06/06 04:00,0.0
04/06/06 05:00,0.0
04/06/06 06:00,27.1
04/06/06 07:00,54.4
04/06/06 08:00,55.5
04/06/06 09:00,52.6
04/06/06 10:00,46.0
04/06/06 11:00,39.7
04/06/06 12:00,36.2
04/06/06 13:00,33.8
04/06/06 14:00,34.8
04/06/06 15:00,30.3
04/06/06 16:00,34.3
04/06/06 17:00,24.7
04/06/06 18:00,0.0
04/06/06 19:00,0.0
04/06/06 20:00,0.0
04/06/06 21:00,0.0
04/06/06 22:00,0.0
04/06/06 23:00,0.0
04/07/06 00:00,0.0
04/07/06 01:00,0.0
04/07/06 02:00,0.0
04/07/06 03:00,0.0
04/07/06 04:00,0.0
04/07/06 05:00,0.0
04/07/06 06:00,22.1
04/07/06 07:00,57.3
04/07/06 08:00,62.4
04/07/06 09:00,59.3
04/07/06 10:00,55.9
04/07/06 11:00,71.1
04/07/06 12:00,64.8
04/07/06 13:00,72.1
04/07/06 14:00,68.5
04/07/06 15:00,69.5
04/07/06 16:00,54.8
04/07/06 17:00,38.2
04/07/06 18:00,0.0
04/07/06 19:00,0.0
04/07/06 20:00,0.0
04/07/06 21:00,0.0
04/07/06 22:00,0.0
04/07/06 23:00,0.0
04/08/06 00:00,0.0
04/08/06 01:00,0.0
04/08/06 02:00,0.0
04/08/06 03:00,0.0
04/08/06 04:00,0.0
04/08/06 05:00,0.0
04/08/06 06:00,30.9
04/08/06 07:00,66.1
04/08/06 08:00,80.8
04/08/06 09:00,82.9
04/08/06 10:00,78.3
04/08/06 11:00,74.7
04/08/06 12:00,77.0
04/08/06 13:00,78.9
04/08/06 14:00,83.0
04/08/06 15:00,60.9
04/08/06 16:00,30.6
04/08/06 17:00,26.7
04/08/06 18:00,0.0
04/08/06 19:00,0.0
04/08/06 20:00,0.0
04/08/06 21:00,0.0
04/08/06 22:00,0.0
04/08/06 23:00,0.0
04/09/06 00:00,0.0
04/09/06 01:00,0.0
04/09/06 02:00,0.0
04/09/06 03:00,0.0
04/09/06 04:00,0.0
04/09/06 05:00,0.0
04/09/06 06:00,23.0
04/09/06 07:00,46.9
04/09/06 08:00,51.8
04/09/06 09:00,61.5
04/09/06 10:00,63.5
04/09/06 11:00,66.7
04/09/06 12:00,59.0
04/09/06 13:00,56.5
04/09/06 14:00,53.8
04/09/06 15:00,51.9
04/09/06 16:00,45.2
04/09/06 17:00,35.8
04/09/06 18:00,0.0
04/09/06 19:00,0.0
04/09/06 20:00,0.0
04/09/06 21:00,0.0
04/09/06 22:00,0.0
04/09/06 23:00,0.0
04/10/06 00:00,0.0
04/10/06 01:00,0.0
04/10/06 02:00,0.0
04/10/06 03:00,0.0
04/10/06 04:00,0.0
04/10/06 05:00,0.0
04/10/06 06:00,29.0
04/10/06 07:00,52.0
04/10/06 08:00,69.3
04/10/06 09:00,72.9
04/10/06 10:00,69.8
04/10/06 11:00,69.7
04/10/06 12:00,69.4
04/10/06 13:00,71.6
04/10/06 14:00,73.3
04/10/06 15:00,73.4
04/10/06 16:00,56.3
04/10/06 17:00,37.2
04/10/06 18:00,0.0
04/10/06 19:00,0.0
04/10/06 20:00,0.0
04/10/06 21:00,0.0
04/10/06 22:00,0.0
04/10/06 23:00,0.0
04/11/06 00:00,0.0
04/11/06 01:00,0.0
04/11/06 02:00,0.0
04/11/06 03:00,0.0
04/11/06 04:00,0.0
04/11/06 05:00,0.0
04/11/06 06:00,27.4
04/11/06 07:00,49.9
04/11/06 08:00,60.1
04/11/06 09:00,33.1
04/11/06 10:00,56.1
04/11/06 11:00,54.0
04/11/06 12:00,26.0
04/11/06 13:00,34.1
04/11/06 14:00,52.2
04/11/06 15:00,38.1
04/11/06 16:00,39.7
04/11/06 17:00,27.8
04/11/06 18:00,0.0
04/11/06 19:00,0.0
04/11/06 20:00,0.0
04/11/06 21:00,0.0
04/11/06 22:00,0.0
04/11/06 23:00,0.0
04/12/06 00:00,0.0
04/12/06 01:00,0.0
04/12/06 02:00,0.0
04/12/06 03:00,0.0
04/12/06 04:00,0.0
04/12/06 05:00,0.0
04/12/06 06:00,36.9
04/12/06 07:00,51.5
04/12/06 08:00,60.6
04/12/06 09:00,62.5
04/12/06 10:00,62.0
04/12/06 11:00,62.4
04/12/06 12:00,62.6
04/12/06 13:00,64.1
04/12/06 14:00,52.4
04/12/06 15:00,50.1
04/12/06 16:00,27.1
04/12/06 17:00,22.4
04/12/06 18:00,0.0
04/12/06 19:00,0.0
04/12/06 20:00,0.0
04/12/06 21:00,0.0
04/12/06 22:00,0.0
04/12/06 23:00,0.0
04/13/06 00:00,0.0
04/13/06 01:00,0.0
04/13/06 02:00,0.0
04/13/06 03:00,0.0
04/13/06 04:00,0.0
04/13/06 05:00,0.0
04/13/06 06:00,31.6
04/13/06 07:00,56.7
04/13/06 08:00,67.7
04/13/06 09:00,72.1
04/13/06 10:00,62.7
04/13/06 11:00,57.1
04/13/06 12:00,62.1
04/13/06 13:00,69.8
04/13/06 14:00,72.0
04/13/06 15:00,71.0
04/13/06 16:00,60.9
04/13/06 17:00,46.8
04/13/06 18:00,0.0
04/13/06 19:00,0.0
04/13/06 20:00,0.0
04/13/06 21:00,0.0
04/13/06 22:00,0.0
04/13/06 23:00,0.0
04/14/06 00:00,0.0
04/14/06 01:00,0.0
04/14/06 02:00,0.0
04/14/06 03:00,0.0
04/14/06 04:00,0.0
04/14/06 05:00,0.0
04/14/06 06:00,32.5
04/14/06 07:00,58.1
04/14/06 08:00,68.7
04/14/06 09:00,74.6
04/14/06 10:00,74.1
04/14/06 11:00,73.7
04/14/06 12:00,71.5
04/14/06 13:00,67.0
04/14/06 14:00,52.0
04/14/06 15:00,51.6
04/14/06 16:00,54.6
04/14/06 17:00,43.7
04/14/06 18:00,0.0
04/14/06 19:00,0.0
04/14/06 20:00,0.0
04/14/06 21:00,0.0
04/14/06 22:00,0.0
04/14/06 23:00,0.0
04/15/06 00:00,0.0
04/15/06 01:00,0.0
04/15/06 02:00,0.0
04/15/06 03:00,0.0
04/15/06 04:00,0.0
04/15/06 05:00,0.0
04/15/06 06:00,6.0
04/15/06 07:00,11.2
04/15/06 08:00,36.8
04/15/06 09:00,30.6
04/15/06 10:00,37.5
04/15/06 11:00,53.3
04/15/06 12:00,22.0
04/15/06 13:00,26.6
04/15/06 14:00,0.7
04/15/06 15:00,9.2
04/15/06 16:00,11.7
04/15/06 17:00,10.3
04/15/06 18:00,0.0
04/15/06 19:00,0.0
04/15/06 20:00,0.0
04/15/06 21:00,0.0
04/15/06 22:00,0.0
04/15/06 23:00,0.0
04/16/06 00:00,0.0
04/16/06 01:00,0.0
04/16/06 02:00,0.0
04/16/06 03:00,0.0
04/16/06 04:00,0.0
04/16/06 05:00,0.0
04/16/06 06:00,35.3
04/16/06 07:00,62.7
04/16/06 08:00,71.7
04/16/06 09:00,68.4
04/16/06 10:00,62.9
04/16/06 11:00,68.7
04/16/06 12:00,65.7
04/16/06 13:00,72.6
04/16/06 14:00,73.6
04/16/06 15:00,70.3
04/16/06 16:00,71.1
04/16/06 17:00,43.9
04/16/06 18:00,0.0
04/16/06 19:00,0.0
04/16/06 20:00,0.0
04/16/06 21:00,0.0
04/16/06 22:00,0.0
04/16/06 23:00,0.0
04/17/06 00:00,0.0
04/17/06 01:00,0.0
04/17/06 02:00,0.0
04/17/06 03:00,0.0
04/17/06 04:00,0.0
04/17/06 05:00,0.0
04/17/06 06:00,39.0
04/17/06 07:00,67.2
04/17/06 08:00,73.4
04/17/06 09:00,72.1
04/17/06 10:00,63.1
04/17/06 11:00,64.8
04/17/06 12:00,69.0
04/17/06 13:00,72.3
04/17/06 14:00,77.0
04/17/06 15:00,73.2
04/17/06 16:00,56.5
04/17/06 17:00,0.0
04/17/06 18:00,0.0
04/17/06 19:00,0.0
04/17/06 20:00,0.0
04/17/06 21:00,0.0
04/17/06 22:00,0.0
04/17/06 23:00,0.0
04/18/06 00:00,0.0
04/18/06 01:00,0.0
04/18/06 02:00,0.0
04/18/06 03:00,0.0
04/18/06 04:00,0.0
04/18/06 05:00,0.0
04/18/06 06:00,13.6
04/18/06 07:00,23.4
04/18/06 08:00,28.2
04/18/06 09:00,33.5
04/18/06 10:00,39.6
04/18/06 11:00,36.4
04/18/06 12:00,35.0
04/18/06 13:00,28.9
04/18/06 14:00,26.1
04/18/06 15:00,17.5
04/18/06 16:00,11.0
04/18/06 17:00,16.7
04/18/06 18:00,0.0
04/18/06 19:00,0.0
04/18/06 20:00,0.0
04/18/06 21:00,0.0
04/18/06 22:00,0.0
04/18/06 23:00,0.0
04/19/06 00:00,0.0
04/19/06 01:00,0.0
04/19/06 02:00,0.0
04/19/06 03:00,0.0
04/19/06 04:00,0.0
04/19/06 05:00,0.0
04/19/06 06:00,0.6
04/19/06 07:00,11.3
04/19/06 08:00,11.7
04/19/06 09:00,17.2
04/19/06 10:00,42.4
04/19/06 11:00,18.2
04/19/06 12:00,18.5
04/19/06 13:00,23.0
04/19/06 14:00,36.2
04/19/06 15:00,30.8
04/19/06 16:00,8.7
04/19/06 17:00,29.6
04/19/06 18:00,0.1
04/19/06 19:00,0.0
04/19/06 20:00,0.0
04/19/06 21:00,0.0
04/19/06 22:00,0.0
04/19/06 23:00,0.0
04/20/06 00:00,0.0
04/20/06 01:00,0.0
04/20/06 02:00,0.0
04/20/06 03:00,0.0
04/20/06 04:00,0.0
04/20/06 05:00,0.0
04/20/06 06:00,12.0
04/20/06 07:00,56.5
04/20/06 08:00,61.0
04/20/06 09:00,56.2
04/20/06 10:00,51.4
04/20/06 11:00,42.0
04/20/06 12:00,46.9
04/20/06 13:00,56.9
04/20/06 14:00,38.5
04/20/06 15:00,41.1
04/20/06 16:00,51.2
04/20/06 17:00,35.8
04/20/06 18:00,18.3
04/20/06 19:00,0.0
04/20/06 20:00,0.0
04/20/06 21:00,0.0
04/20/06 22:00,0.0
04/20/06 23:00,0.0
04/21/06 00:00,0.0
04/21/06 01:00,0.0
04/21/06 02:00,0.0
04/21/06 03:00,0.0
04/21/06 04:00,0.0
04/21/06 05:00,0.0
04/21/06 06:00,47.4
04/21/06 07:00,68.0
04/21/06 08:00,76.2
04/21/06 09:00,72.3
04/21/06 10:00,77.7
04/21/06 11:00,59.1
04/21/06 12:00,64.1
04/21/06 13:00,68.9
04/21/06 14:00,72.2
04/21/06 15:00,69.2
04/21/06 16:00,65.8
04/21/06 17:00,43.1
04/21/06 18:00,18.5
04/21/06 19:00,0.0
04/21/06 20:00,0.0
04/21/06 21:00,0.0
04/21/06 22:00,0.0
04/21/06 23:00,0.0
04/22/06 00:00,0.0
04/22/06 01:00,0.0
04/22/06 02:00,0.0
04/22/06 03:00,0.0
04/22/06 04:00,0.0
04/22/06 05:00,0.0
04/22/06 06:00,42.8
04/22/06 07:00,53.3
04/22/06 08:00,43.8
04/22/06 09:00,72.8
04/22/06 10:00,68.0
04/22/06 11:00,70.3
04/22/06 12:00,65.5
04/22/06 13:00,68.6
04/22/06 14:00,74.9
04/22/06 15:00,74.1
04/22/06 16:00,68.8
04/22/06 17:00,43.6
04/22/06 18:00,18.0
04/22/06 19:00,0.0
04/22/06 20:00,0.0
04/22/06 21:00,0.0
04/22/06 22:00,0.0
04/22/06 23:00,0.0
04/23/06 00:00,0.0
04/23/06 01:00,0.0
04/23/06 02:00,0.0
04/23/06 03:00,0.0
04/23/06 04:00,0.0
04/23/06 05:00,0.0
04/23/06 06:00,42.7
04/23/06 07:00,63.4
04/23/06 08:00,69.6
04/23/06 09:00,70.1
04/23/06 10:00,54.3
04/23/06 11:00,77.7
04/23/06 12:00,67.0
04/23/06 13:00,45.2
04/23/06 14:00,56.7
04/23/06 15:00,18.9
04/23/06 16:00,16.0
04/23/06 17:00,24.5
04/23/06 18:00,10.3
04/23/06 19:00,0.0
04/23/06 20:00,0.0
04/23/06 21:00,0.0
04/23/06 22:00,0.0
04/23/06 23:00,0.0
04/24/06 00:00,0.0
04/24/06 01:00,0.0
04/24/06 02:00,0.0
04/24/06 03:00,0.0
04/24/06 04:00,0.0
04/24/06 05:00,0.0
04/24/06 06:00,0.0
04/24/06 07:00,1.5
04/24/06 08:00,15.6
04/24/06 09:00,27.5
04/24/06 10:00,45.8
04/24/06 11:00,58.0
04/24/06 12:00,57.1
04/24/06 13:00,48.5
04/24/06 14:00,44.8
04/24/06 15:00,23.4
04/24/06 16:00,31.4
04/24/06 17:00,35.3
04/24/06 18:00,0.4
04/24/06 19:00,0.0
04/24/06 20:00,0.0
04/24/06 21:00,0.0
04/24/06 22:00,0.0
04/24/06 23:00,0.0
04/25/06 00:00,0.0
04/25/06 01:00,0.0
04/25/06 02:00,0.0
04/25/06 03:00,0.0
04/25/06 04:00,0.0
04/25/06 05:00,0.0
04/25/06 06:00,5.6
04/25/06 07:00,36.3
04/25/06 08:00,64.4
04/25/06 09:00,62.8
04/25/06 10:00,69.6
04/25/06 11:00,74.1
04/25/06 12:00,73.0
04/25/06 13:00,73.5
04/25/06 14:00,74.7
04/25/06 15:00,69.6
04/25/06 16:00,65.1
04/25/06 17:00,49.2
04/25/06 18:00,23.2
04/25/06 19:00,0.0
04/25/06 20:00,0.0
04/25/06 21:00,0.0
04/25/06 22:00,0.0
04/25/06 23:00,0.0
04/26/06 00:00,0.0
04/26/06 01:00,0.0
04/26/06 02:00,0.0
04/26/06 03:00,0.0
04/26/06 04:00,0.0
04/26/06 05:00,0.0
04/26/06 06:00,47.4
04/26/06 07:00,39.1
04/26/06 08:00,50.8
04/26/06 09:00,57.5
04/26/06 10:00,66.1
04/26/06 11:00,56.0
04/26/06 12:00,66.6
04/26/06 13:00,79.6
04/26/06 14:00,76.7
04/26/06 15:00,71.0
04/26/06 16:00,66.9
04/26/06 17:00,47.3
04/26/06 18:00,19.2
04/26/06 19:00,0.0
04/26/06 20:00,0.0
04/26/06 21:00,0.0
04/26/06 22:00,0.0
04/26/06 23:00,0.0
04/27/06 00:00,0.0
04/27/06 01:00,0.0
04/27/06 02:00,0.0
04/27/06 03:00,0.0
04/27/06 04:00,0.0
04/27/06 05:00,0.0
04/27/06 06:00,44.2
04/27/06 07:00,59.4
04/27/06 08:00,41.8
04/27/06 09:00,67.6
04/27/06 10:00,61.1
04/27/06 11:00,58.1
04/27/06 12:00,44.4
04/27/06 13:00,50.3
04/27/06 14:00,57.2
04/27/06 15:00,49.5
04/27/06 16:00,29.1
04/27/06 17:00,42.7
04/27/06 18:00,17.0
04/27/06 19:00,0.0
04/27/06 20:00,0.0
04/27/06 21:00,0.0
04/27/06 22:00,0.0
04/27/06 23:00,0.0
04/28/06 00:00,0.0
04/28/06 01:00,0.0
04/28/06 02:00,0.0
04/28/06 03:00,0.0
04/28/06 04:00,0.0
04/28/06 05:00,0.0
04/28/06 06:00,46.4
04/28/06 07:00,60.2
04/28/06 08:00,78.4
04/28/06 09:00,60.8
04/28/06 10:00,75.5
04/28/06 11:00,79.2
04/28/06 12:00,74.2
04/28/06 13:00,63.7
04/28/06 14:00,58.5
04/28/06 15:00,39.2
04/28/06 16:00,50.6
04/28/06 17:00,39.1
04/28/06 18:00,19.0
04/28/06 19:00,0.0
04/28/06 20:00,0.0
04/28/06 21:00,0.0
04/28/06 22:00,0.0
04/28/06 23:00,0.0
04/29/06 00:00,0.0
04/29/06 01:00,0.0
04/29/06 02:00,0.0
04/29/06 03:00,0.0
04/29/06 04:00,0.0
04/29/06 05:00,0.0
04/29/06 06:00,45.1
04/29/06 07:00,60.0
04/29/06 08:00,70.0
04/29/06 09:00,54.0
04/29/06 10:00,43.2
04/29/06 11:00,60.8
04/29/06 12:00,56.8
04/29/06 13:00,66.8
04/29/06 14:00,50.0
04/29/06 15:00,65.5
04/29/06 16:00,25.7
04/29/06 17:00,24.6
04/29/06 18:00,20.0
04/29/06 19:00,0.0
04/29/06 20:00,0.0
04/29/06 21:00,0.0
04/29/06 22:00,0.0
04/29/06 23:00,0.0
04/30/06 00:00,0.0
04/30/06 01:00,0.0
04/30/06 02:00,0.0
04/30/06 03:00,0.0
04/30/06 04:00,0.0
04/30/06 05:00,0.0
04/30/06 06:00,0.0
04/30/06 07:00,1.1
04/30/06 08:00,2.6
04/30/06 09:00,0.0
04/30/06 10:00,39.6
04/30/06 11:00,56.4
04/30/06 12:00,51.5
04/30/06 13:00,40.8
04/30/06 14:00,69.0
04/30/06 15:00,36.0
04/30/06 16:00,55.1
04/30/06 17:00,44.4
04/30/06 18:00,21.9
04/30/06 19:00,0.0
04/30/06 20:00,0.0
04/30/06 21:00,0.0
04/30/06 22:00,0.0
04/30/06 23:00,0.0
05/01/06 00:00,0.0
05/01/06 01:00,0.0
05/01/06 02:00,0.0
05/01/06 03:00,0.0
05/01/06 04:00,0.0
05/01/06 05:00,0.0
05/01/06 06:00,49.9
05/01/06 07:00,65.8
05/01/06 08:00,66.0
05/01/06 09:00,61.7
05/01/06 10:00,57.1
05/01/06 11:00,56.2
05/01/06 12:00,63.8
05/01/06 13:00,74.8
05/01/06 14:00,60.3
05/01/06 15:00,70.5
05/01/06 16:00,67.1
05/01/06 17:00,42.3
05/01/06 18:00,22.0
05/01/06 19:00,0.0
05/01/06 20:00,0.0
05/01/06 21:00,0.0
05/01/06 22:00,0.0
05/01/06 23:00,0.0
05/02/06 00:00,0.0
05/02/06 01:00,0.0
05/02/06 02:00,0.0
05/02/06 03:00,0.0
05/02/06 04:00,0.0
05/02/06 05:00,0.0
05/02/06 06:00,50.9
05/02/06 07:00,71.3
05/02/06 08:00,79.6
05/02/06 09:00,68.6
05/02/06 10:00,76.4
05/02/06 11:00,54.6
05/02/06 12:00,74.4
05/02/06 13:00,71.5
05/02/06 14:00,73.0
05/02/06 15:00,70.1
05/02/06 16:00,44.2
05/02/06 17:00,26.1
05/02/06 18:00,23.4
05/02/06 19:00,0.0
05/02/06 20:00,0.0
05/02/06 21:00,0.0
05/02/06 22:00,0.0
05/02/06 23:00,0.0
05/03/06 00:00,0.0
05/03/06 01:00,0.0
05/03/06 02:00,0.0
05/03/06 03:00,0.0
05/03/06 04:00,0.0
05/03/06 05:00,0.0
05/03/06 06:00,51.3
05/03/06 07:00,72.1
05/03/06 08:00,81.5
05/03/06 09:00,66.0
05/03/06 10:00,69.9
05/03/06 11:00,52.4
05/03/06 12:00,65.1
05/03/06 13:00,48.9
05/03/06 14:00,67.9
05/03/06 15:00,72.8
05/03/06 16:00,51.7
05/03/06 17:00,31.3
05/03/06 18:00,21.0
05/03/06 19:00,0.0
05/03/06 20:00,0.0
05/03/06 21:00,0.0
05/03/06 22:00,0.0
05/03/06 23:00,0.0
05/04/06 00:00,0.0
05/04/06 01:00,0.0
05/04/06 02:00,0.0
05/04/06 03:00,0.0
05/04/06 04:00,0.0
05/04/06 05:00,0.0
05/04/06 06:00,48.4
05/04/06 07:00,59.3
05/04/06 08:00,60.7
05/04/06 09:00,55.8
05/04/06 10:00,49.9
05/04/06 11:00,49.9
05/04/06 12:00,42.3
05/04/06 13:00,37.6
05/04/06 14:00,43.0
05/04/06 15:00,32.5
05/04/06 16:00,31.1
05/04/06 17:00,25.8
05/04/06 18:00,20.7
05/04/06 19:00,0.0
05/04/06 20:00,0.0
05/04/06 21:00,0.0
05/04/06 22:00,0.0
05/04/06 23:00,0.0
05/05/06 00:00,0.0
05/05/06 01:00,0.0
05/05/06 02:00,0.0
05/05/06 03:00,0.0
05/05/06 04:00,0.0
05/05/06 05:00,1.3
05/05/06 06:00,41.0
05/05/06 07:00,57.2
05/05/06 08:00,60.7
05/05/06 09:00,54.1
05/05/06 10:00,53.0
05/05/06 11:00,55.0
05/05/06 12:00,49.2
05/05/06 13:00,43.2
05/05/06 14:00,57.7
05/05/06 15:00,39.3
05/05/06 16:00,38.5
05/05/06 17:00,31.2
05/05/06 18:00,23.2
05/05/06 19:00,0.0
05/05/06 20:00,0.0
05/05/06 21:00,0.0
05/05/06 22:00,0.0
05/05/06 23:00,0.0
05/06/06 00:00,0.0
05/06/06 01:00,0.0
05/06/06 02:00,0.0
05/06/06 03:00,0.0
05/06/06 04:00,0.0
05/06/06 05:00,4.6
05/06/06 06:00,55.5
05/06/06 07:00,65.1
05/06/06 08:00,79.7
05/06/06 09:00,82.3
05/06/06 10:00,75.1
05/06/06 11:00,64.9
05/06/06 12:00,71.5
05/06/06 13:00,74.0
05/06/06 14:00,67.3
05/06/06 15:00,67.7
05/06/06 16:00,63.5
05/06/06 17:00,42.4
05/06/06 18:00,22.9
05/06/06 19:00,0.0
05/06/06 20:00,0.0
05/06/06 21:00,0.0
05/06/06 22:00,0.0
05/06/06 23:00,0.0
05/07/06 00:00,0.0
05/07/06 01:00,0.0
05/07/06 02:00,0.0
05/07/06 03:00,0.0
05/07/06 04:00,0.0
05/07/06 05:00,7.8
05/07/06 06:00,53.7
05/07/06 07:00,61.7
05/07/06 08:00,76.3
05/07/06 09:00,61.4
05/07/06 10:00,68.6
05/07/06 11:00,53.5
05/07/06 12:00,79.1
05/07/06 13:00,45.7
05/07/06 14:00,26.0
05/07/06 15:00,59.7
05/07/06 16:00,56.2
05/07/06 17:00,25.6
05/07/06 18:00,24.4
05/07/06 19:00,0.0
05/07/06 20:00,0.0
05/07/06 21:00,0.0
05/07/06 22:00,0.0
05/07/06 23:00,0.0
05/08/06 00:00,0.0
05/08/06 01:00,0.0
05/08/06 02:00,0.0
05/08/06 03:00,0.0
05/08/06 04:00,0.0
05/08/06 05:00,9.2
05/08/06 06:00,2.3
05/08/06 07:00,11.1
05/08/06 08:00,59.0
05/08/06 09:00,57.1
05/08/06 10:00,57.2
05/08/06 11:00,44.7
05/08/06 12:00,28.9
05/08/06 13:00,58.8
05/08/06 14:00,65.7
05/08/06 15:00,42.4
05/08/06 16:00,43.3
05/08/06 17:00,24.9
05/08/06 18:00,22.5
05/08/06 19:00,0.0
05/08/06 20:00,0.0
05/08/06 21:00,0.0
05/08/06 22:00,0.0
05/08/06 23:00,0.0
05/09/06 00:00,0.0
05/09/06 01:00,0.0
05/09/06 02:00,0.0
05/09/06 03:00,0.0
05/09/06 04:00,0.0
05/09/06 05:00,0.0
05/09/06 06:00,4.9
05/09/06 07:00,15.0
05/09/06 08:00,27.2
05/09/06 09:00,38.0
05/09/06 10:00,52.6
05/09/06 11:00,43.0
05/09/06 12:00,42.7
05/09/06 13:00,56.7
05/09/06 14:00,46.8
05/09/06 15:00,45.1
05/09/06 16:00,26.8
05/09/06 17:00,31.0
05/09/06 18:00,23.6
05/09/06 19:00,0.0
05/09/06 20:00,0.0
05/09/06 21:00,0.0
05/09/06 22:00,0.0
05/09/06 23:00,0.0
05/10/06 00:00,0.0
05/10/06 01:00,0.0
05/10/06 02:00,0.0
05/10/06 03:00,0.0
05/10/06 04:00,0.0
05/10/06 05:00,14.3
05/10/06 06:00,56.3
05/10/06 07:00,51.3
05/10/06 08:00,59.5
05/10/06 09:00,41.8
05/10/06 10:00,41.2
05/10/06 11:00,53.6
05/10/06 12:00,56.8
05/10/06 13:00,25.6
05/10/06 14:00,51.8
05/10/06 15:00,49.5
05/10/06 16:00,63.0
05/10/06 17:00,27.7
05/10/06 18:00,24.0
05/10/06 19:00,0.0
05/10/06 20:00,0.0
05/10/06 21:00,0.0
05/10/06 22:00,0.0
05/10/06 23:00,0.0
05/11/06 00:00,0.0
05/11/06 01:00,0.0
05/11/06 02:00,0.0
05/11/06 03:00,0.0
05/11/06 04:00,0.0
05/11/06 05:00,14.8
05/11/06 06:00,51.0
05/11/06 07:00,59.9
05/11/06 08:00,55.6
05/11/06 09:00,65.6
05/11/06 10:00,80.8
05/11/06 11:00,67.6
05/11/06 12:00,64.6
05/11/06 13:00,65.2
05/11/06 14:00,62.0
05/11/06 15:00,70.4
05/11/06 16:00,57.8
05/11/06 17:00,40.7
05/11/06 18:00,25.8
05/11/06 19:00,0.0
05/11/06 20:00,0.0
05/11/06 21:00,0.0
05/11/06 22:00,0.0
05/11/06 23:00,0.0
05/12/06 00:00,0.0
05/12/06 01:00,0.0
05/12/06 02:00,0.0
05/12/06 03:00,0.0
05/12/06 04:00,0.0
05/12/06 05:00,15.0
05/12/06 06:00,51.3
05/12/06 07:00,71.5
05/12/06 08:00,65.1
05/12/06 09:00,72.4
05/12/06 10:00,58.8
05/12/06 11:00,61.5
05/12/06 12:00,63.5
05/12/06 13:00,71.0
05/12/06 14:00,76.3
05/12/06 15:00,68.8
05/12/06 16:00,76.1
05/12/06 17:00,40.6
05/12/06 18:00,25.6
05/12/06 19:00,0.0
05/12/06 20:00,0.0
05/12/06 21:00,0.0
05/12/06 22:00,0.0
05/12/06 23:00,0.0
05/13/06 00:00,0.0
05/13/06 01:00,0.0
05/13/06 02:00,0.0
05/13/06 03:00,0.0
05/13/06 04:00,0.0
05/13/06 05:00,0.0
05/13/06 06:00,24.3
05/13/06 07:00,63.6
05/13/06 08:00,56.7
05/13/06 09:00,81.5
05/13/06 10:00,67.6
05/13/06 11:00,61.7
05/13/06 12:00,45.5
05/13/06 13:00,82.9
05/13/06 14:00,81.9
05/13/06 15:00,39.9
05/13/06 16:00,58.3
05/13/06 17:00,40.8
05/13/06 18:00,23.1
05/13/06 19:00,0.0
05/13/06 20:00,0.0
05/13/06 21:00,0.0
05/13/06 22:00,0.0
05/13/06 23:00,0.0
05/14/06 00:00,0.0
05/14/06 01:00,0.0
05/14/06 02:00,0.0
05/14/06 03:00,0.0
05/14/06 04:00,0.0
05/14/06 05:00,18.1
05/14/06 06:00,56.2
05/14/06 07:00,69.9
05/14/06 08:00,79.7
05/14/06 09:00,85.2
05/14/06 10:00,81.6
05/14/06 11:00,77.6
05/14/06 12:00,71.1
05/14/06 13:00,81.1
05/14/06 14:00,79.2
05/14/06 15:00,75.6
05/14/06 16:00,67.5
05/14/06 17:00,44.4
05/14/06 18:00,26.5
05/14/06 19:00,0.0
05/14/06 20:00,0.0
05/14/06 21:00,0.0
05/14/06 22:00,0.0
05/14/06 23:00,0.0
05/15/06 00:00,0.0
05/15/06 01:00,0.0
05/15/06 02:00,0.0
05/15/06 03:00,0.0
05/15/06 04:00,0.0
05/15/06 05:00,18.9
05/15/06 06:00,54.3
05/15/06 07:00,66.0
05/15/06 08:00,75.4
05/15/06 09:00,81.6
05/15/06 10:00,82.7
05/15/06 11:00,79.3
05/15/06 12:00,79.6
05/15/06 13:00,75.4
05/15/06 14:00,73.3
05/15/06 15:00,75.2
05/15/06 16:00,68.2
05/15/06 17:00,46.1
05/15/06 18:00,26.7
05/15/06 19:00,0.0
05/15/06 20:00,0.0
05/15/06 21:00,0.0
05/15/06 22:00,0.0
05/15/06 23:00,0.0
05/16/06 00:00,0.0
05/16/06 01:00,0.0
05/16/06 02:00,0.0
05/16/06 03:00,0.0
05/16/06 04:00,0.0
05/16/06 05:00,18.8
05/16/06 06:00,52.4
05/16/06 07:00,63.4
05/16/06 08:00,68.9
05/16/06 09:00,69.4
05/16/06 10:00,76.0
05/16/06 11:00,77.4
05/16/06 12:00,76.1
05/16/06 13:00,76.0
05/16/06 14:00,76.8
05/16/06 15:00,72.7
05/16/06 16:00,66.8
05/16/06 17:00,53.0
05/16/06 18:00,30.9
05/16/06 19:00,0.0
05/16/06 20:00,0.0
05/16/06 21:00,0.0
05/16/06 22:00,0.0
05/16/06 23:00,0.0
05/17/06 00:00,0.0
05/17/06 01:00,0.0
05/17/06 02:00,0.0
05/17/06 03:00,0.0
05/17/06 04:00,0.0
05/17/06 05:00,19.1
05/17/06 06:00,55.6
05/17/06 07:00,71.9
05/17/06 08:00,73.9
05/17/06 09:00,69.2
05/17/06 10:00,72.6
05/17/06 11:00,71.1
05/17/06 12:00,73.9
05/17/06 13:00,75.6
05/17/06 14:00,75.0
05/17/06 15:00,70.0
05/17/06 16:00,68.4
05/17/06 17:00,45.9
05/17/06 18:00,26.9
05/17/06 19:00,0.0
05/17/06 20:00,0.0
05/17/06 21:00,0.0
05/17/06 22:00,0.0
05/17/06 23:00,0.0
05/18/06 00:00,0.0
05/18/06 01:00,0.0
05/18/06 02:00,0.0
05/18/06 03:00,0.0
05/18/06 04:00,0.0
05/18/06 05:00,20.1
05/18/06 06:00,55.1
05/18/06 07:00,71.1
05/18/06 08:00,66.1
05/18/06 09:00,72.9
05/18/06 10:00,71.0
05/18/06 11:00,68.7
05/18/06 12:00,75.5
05/18/06 13:00,57.9
05/18/06 14:00,54.4
05/18/06 15:00,48.2
05/18/06 16:00,39.2
05/18/06 17:00,36.5
05/18/06 18:00,23.2
05/18/06 19:00,0.0
05/18/06 20:00,0.0
05/18/06 21:00,0.0
05/18/06 22:00,0.0
05/18/06 23:00,0.0
05/19/06 00:00,0.0
05/19/06 01:00,0.0
05/19/06 02:00,0.0
05/19/06 03:00,0.0
05/19/06 04:00,0.0
05/19/06 05:00,20.5
05/19/06 06:00,22.4
05/19/06 07:00,44.4
05/19/06 08:00,40.8
05/19/06 09:00,37.3
05/19/06 10:00,40.5
05/19/06 11:00,52.7
05/19/06 12:00,41.5
05/19/06 13:00,61.6
05/19/06 14:00,37.1
05/19/06 15:00,44.6
05/19/06 16:00,39.4
05/19/06 17:00,0.5
05/19/06 18:00,0.4
05/19/06 19:00,0.0
05/19/06 20:00,0.0
05/19/06 21:00,0.0
05/19/06 22:00,0.0
05/19/06 23:00,0.0
05/20/06 00:00,0.0
05/20/06 01:00,0.0
05/20/06 02:00,0.0
05/20/06 03:00,0.0
05/20/06 04:00,0.0
05/20/06 05:00,18.0
05/20/06 06:00,47.8
05/20/06 07:00,57.4
05/20/06 08:00,71.8
05/20/06 09:00,64.9
05/20/06 10:00,64.9
05/20/06 11:00,72.0
05/20/06 12:00,73.7
05/20/06 13:00,70.2
05/20/06 14:00,73.7
05/20/06 15:00,73.1
05/20/06 16:00,63.7
05/20/06 17:00,41.9
05/20/06 18:00,23.5
05/20/06 19:00,0.0
05/20/06 20:00,0.0
05/20/06 21:00,0.0
05/20/06 22:00,0.0
05/20/06 23:00,0.0
05/21/06 00:00,0.0
05/21/06 01:00,0.0
05/21/06 02:00,0.0
05/21/06 03:00,0.0
05/21/06 04:00,0.0
05/21/06 05:00,20.3
05/21/06 06:00,53.2
05/21/06 07:00,66.8
05/21/06 08:00,65.9
05/21/06 09:00,63.3
05/21/06 10:00,62.4
05/21/06 11:00,64.2
05/21/06 12:00,68.3
05/21/06 13:00,74.4
05/21/06 14:00,72.9
05/21/06 15:00,63.3
05/21/06 16:00,52.5
05/21/06 17:00,9.0
05/21/06 18:00,0.0
05/21/06 19:00,0.0
05/21/06 20:00,0.0
05/21/06 21:00,0.0
05/21/06 22:00,0.0
05/21/06 23:00,0.0
05/22/06 00:00,0.0
05/22/06 01:00,0.0
05/22/06 02:00,0.0
05/22/06 03:00,0.0
05/22/06 04:00,0.0
05/22/06 05:00,21.2
05/22/06 06:00,48.0
05/22/06 07:00,63.8
05/22/06 08:00,75.6
05/22/06 09:00,67.4
05/22/06 10:00,64.1
05/22/06 11:00,61.8
05/22/06 12:00,59.3
05/22/06 13:00,70.1
05/22/06 14:00,41.5
05/22/06 15:00,70.7
05/22/06 16:00,49.6
05/22/06 17:00,26.4
05/22/06 18:00,23.4
05/22/06 19:00,0.0
05/22/06 20:00,0.0
05/22/06 21:00,0.0
05/22/06 22:00,0.0
05/22/06 23:00,0.0
05/23/06 00:00,0.0
05/23/06 01:00,0.0
05/23/06 02:00,0.0
05/23/06 03:00,0.0
05/23/06 04:00,0.0
05/23/06 05:00,1.9
05/23/06 06:00,49.7
05/23/06 07:00,69.0
05/23/06 08:00,75.4
05/23/06 09:00,68.0
05/23/06 10:00,61.6
05/23/06 11:00,64.7
05/23/06 12:00,54.9
05/23/06 13:00,71.4
05/23/06 14:00,30.0
05/23/06 15:00,0.0
05/23/06 16:00,38.6
05/23/06 17:00,26.7
05/23/06 18:00,19.8
05/23/06 19:00,0.0
05/23/06 20:00,0.0
05/23/06 21:00,0.0
05/23/06 22:00,0.0
05/23/06 23:00,0.0
05/24/06 00:00,0.0
05/24/06 01:00,0.0
05/24/06 02:00,0.0
05/24/06 03:00,0.0
05/24/06 04:00,0.0
05/24/06 05:00,24.1
05/24/06 06:00,57.0
05/24/06 07:00,75.1
05/24/06 08:00,74.7
05/24/06 09:00,73.6
05/24/06 10:00,74.6
05/24/06 11:00,79.4
05/24/06 12:00,81.8
05/24/06 13:00,82.1
05/24/06 14:00,79.7
05/24/06 15:00,79.0
05/24/06 16:00,68.8
05/24/06 17:00,42.1
05/24/06 18:00,26.4
05/24/06 19:00,0.0
05/24/06 20:00,0.0
05/24/06 21:00,0.0
05/24/06 22:00,0.0
05/24/06 23:00,0.0
05/25/06 00:00,0.0
05/25/06 01:00,0.0
05/25/06 02:00,0.0
05/25/06 03:00,0.0
05/25/06 04:00,0.0
05/25/06 05:00,23.6
05/25/06 06:00,52.2
05/25/06 07:00,64.4
05/25/06 08:00,68.7
05/25/06 09:00,67.6
05/25/06 10:00,72.0
05/25/06 11:00,73.1
05/25/06 12:00,75.7
05/25/06 13:00,72.4
05/25/06 14:00,78.8
05/25/06 15:00,69.1
05/25/06 16:00,70.6
05/25/06 17:00,50.5
05/25/06 18:00,32.6
05/25/06 19:00,0.0
05/25/06 20:00,0.0
05/25/06 21:00,0.0
05/25/06 22:00,0.0
05/25/06 23:00,0.0
05/26/06 00:00,0.0
05/26/06 01:00,0.0
05/26/06 02:00,0.0
05/26/06 03:00,0.0
05/26/06 04:00,0.0
05/26/06 05:00,12.5
05/26/06 06:00,54.8
05/26/06 07:00,16.0
05/26/06 08:00,28.9
05/26/06 09:00,69.0
05/26/06 10:00,70.7
05/26/06 11:00,72.0
05/26/06 12:00,70.0
05/26/06 13:00,62.3
05/26/06 14:00,64.2
05/26/06 15:00,49.6
05/26/06 16:00,44.2
05/26/06 17:00,0.4
05/26/06 18:00,25.2
05/26/06 19:00,0.0
05/26/06 20:00,0.0
05/26/06 21:00,0.0
05/26/06 22:00,0.0
05/26/06 23:00,0.0
05/27/06 00:00,0.0
05/27/06 01:00,0.0
05/27/06 02:00,0.0
05/27/06 03:00,0.0
05/27/06 04:00,0.0
05/27/06 05:00,0.1
05/27/06 06:00,35.3
05/27/06 07:00,67.4
05/27/06 08:00,64.1
05/27/06 09:00,70.3
05/27/06 10:00,78.2
05/27/06 11:00,73.6
05/27/06 12:00,73.6
05/27/06 13:00,74.0
05/27/06 14:00,72.9
05/27/06 15:00,66.0
05/27/06 16:00,47.0
05/27/06 17:00,37.2
05/27/06 18:00,25.4
05/27/06 19:00,0.0
05/27/06 20:00,0.0
05/27/06 21:00,0.0
05/27/06 22:00,0.0
05/27/06 23:00,0.0
05/28/06 00:00,0.0
05/28/06 01:00,0.0
05/28/06 02:00,0.0
05/28/06 03:00,0.0
05/28/06 04:00,0.0
05/28/06 05:00,24.2
05/28/06 06:00,47.7
05/28/06 07:00,52.9
05/28/06 08:00,52.5
05/28/06 09:00,47.2
05/28/06 10:00,57.3
05/28/06 11:00,54.0
05/28/06 12:00,51.3
05/28/06 13:00,76.6
05/28/06 14:00,78.2
05/28/06 15:00,73.4
05/28/06 16:00,60.6
05/28/06 17:00,28.4
05/28/06 18:00,17.2
05/28/06 19:00,0.0
05/28/06 20:00,0.0
05/28/06 21:00,0.0
05/28/06 22:00,0.0
05/28/06 23:00,0.0
05/29/06 00:00,0.0
05/29/06 01:00,0.0
05/29/06 02:00,0.0
05/29/06 03:00,0.0
05/29/06 04:00,0.0
05/29/06 05:00,25.7
05/29/06 06:00,60.8
05/29/06 07:00,78.6
05/29/06 08:00,78.4
05/29/06 09:00,86.8
05/29/06 10:00,81.1
05/29/06 11:00,67.8
05/29/06 12:00,73.3
05/29/06 13:00,62.1
05/29/06 14:00,41.4
05/29/06 15:00,34.0
05/29/06 16:00,45.0
05/29/06 17:00,38.9
05/29/06 18:00,29.8
05/29/06 19:00,0.0
05/29/06 20:00,0.0
05/29/06 21:00,0.0
05/29/06 22:00,0.0
05/29/06 23:00,0.0
05/30/06 00:00,0.0
05/30/06 01:00,0.0
05/30/06 02:00,0.0
05/30/06 03:00,0.0
05/30/06 04:00,0.0
05/30/06 05:00,0.3
05/30/06 06:00,15.0
05/30/06 07:00,15.5
05/30/06 08:00,18.9
05/30/06 09:00,32.9
05/30/06 10:00,48.8
05/30/06 11:00,54.2
05/30/06 12:00,57.8
05/30/06 13:00,42.1
05/30/06 14:00,43.8
05/30/06 15:00,36.5
05/30/06 16:00,26.7
05/30/06 17:00,26.7
05/30/06 18:00,0.6
05/30/06 19:00,0.0
05/30/06 20:00,0.0
05/30/06 21:00,0.0
05/30/06 22:00,0.0
05/30/06 23:00,0.0
05/31/06 00:00,0.0
05/31/06 01:00,0.0
05/31/06 02:00,0.0
05/31/06 03:00,0.0
05/31/06 04:00,0.0
05/31/06 05:00,24.8
05/31/06 06:00,48.3
05/31/06 07:00,56.8
05/31/06 08:00,73.2
05/31/06 09:00,72.7
05/31/06 10:00,48.9
05/31/06 11:00,46.2
05/31/06 12:00,66.2
05/31/06 13:00,74.5
05/31/06 14:00,47.6
05/31/06 15:00,72.7
05/31/06 16:00,80.2
05/31/06 17:00,22.2
05/31/06 18:00,32.2
05/31/06 19:00,0.0
05/31/06 20:00,0.0
05/31/06 21:00,0.0
05/31/06 22:00,0.0
05/31/06 23:00,0.0
06/01/06 00:00,0.0
06/01/06 01:00,0.0
06/01/06 02:00,0.0
06/01/06 03:00,0.0
06/01/06 04:00,0.0
06/01/06 05:00,26.4
06/01/06 06:00,55.2
06/01/06 07:00,68.7
06/01/06 08:00,75.3
06/01/06 09:00,64.3
06/01/06 10:00,59.9
06/01/06 11:00,62.3
06/01/06 12:00,63.9
06/01/06 13:00,61.5
06/01/06 14:00,46.7
06/01/06 15:00,59.6
06/01/06 16:00,50.9
06/01/06 17:00,33.6
06/01/06 18:00,24.1
06/01/06 19:00,0.0
06/01/06 20:00,0.0
06/01/06 21:00,0.0
06/01/06 22:00,0.0
06/01/06 23:00,0.0
06/02/06 00:00,0.0
06/02/06 01:00,0.0
06/02/06 02:00,0.0
06/02/06 03:00,0.0
06/02/06 04:00,0.0
06/02/06 05:00,25.3
06/02/06 06:00,53.2
06/02/06 07:00,65.8
06/02/06 08:00,69.3
06/02/06 09:00,72.2
06/02/06 10:00,63.6
06/02/06 11:00,74.9
06/02/06 12:00,73.0
06/02/06 13:00,71.2
06/02/06 14:00,72.1
06/02/06 15:00,61.1
06/02/06 16:00,33.6
06/02/06 17:00,41.8
06/02/06 18:00,23.8
06/02/06 19:00,0.0
06/02/06 20:00,0.0
06/02/06 21:00,0.0
06/02/06 22:00,0.0
06/02/06 23:00,0.0
06/03/06 00:00,0.0
06/03/06 01:00,0.0
06/03/06 02:00,0.0
06/03/06 03:00,0.0
06/03/06 04:00,0.0
06/03/06 05:00,24.7
06/03/06 06:00,48.6
06/03/06 07:00,64.2
06/03/06 08:00,57.3
06/03/06 09:00,68.1
06/03/06 10:00,65.2
06/03/06 11:00,73.0
06/03/06 12:00,65.2
06/03/06 13:00,61.7
06/03/06 14:00,72.3
06/03/06 15:00,71.9
06/03/06 16:00,54.6
06/03/06 17:00,44.5
06/03/06 18:00,30.0
06/03/06 19:00,0.0
06/03/06 20:00,0.0
06/03/06 21:00,0.0
06/03/06 22:00,0.0
06/03/06 23:00,0.0
06/04/06 00:00,0.0
06/04/06 01:00,0.0
06/04/06 02:00,0.0
06/04/06 03:00,0.0
06/04/06 04:00,0.0
06/04/06 05:00,24.8
06/04/06 06:00,52.5
06/04/06 07:00,68.9
06/04/06 08:00,65.1
06/04/06 09:00,64.7
06/04/06 10:00,61.0
06/04/06 11:00,64.5
06/04/06 12:00,64.8
06/04/06 13:00,56.1
06/04/06 14:00,54.9
06/04/06 15:00,73.6
06/04/06 16:00,27.1
06/04/06 17:00,33.6
06/04/06 18:00,24.1
06/04/06 19:00,0.0
06/04/06 20:00,0.0
06/04/06 21:00,0.0
06/04/06 22:00,0.0
06/04/06 23:00,0.0
06/05/06 00:00,0.0
06/05/06 01:00,0.0
06/05/06 02:00,0.0
06/05/06 03:00,0.0
06/05/06 04:00,0.0
06/05/06 05:00,24.6
06/05/06 06:00,54.2
06/05/06 07:00,72.5
06/05/06 08:00,69.4
06/05/06 09:00,62.1
06/05/06 10:00,58.7
06/05/06 11:00,63.2
06/05/06 12:00,75.4
06/05/06 13:00,72.5
06/05/06 14:00,72.9
06/05/06 15:00,67.2
06/05/06 16:00,63.1
06/05/06 17:00,53.6
06/05/06 18:00,30.6
06/05/06 19:00,0.0
06/05/06 20:00,0.0
06/05/06 21:00,0.0
06/05/06 22:00,0.0
06/05/06 23:00,0.0
06/06/06 00:00,0.0
06/06/06 01:00,0.0
06/06/06 02:00,0.0
06/06/06 03:00,0.0
06/06/06 04:00,0.0
06/06/06 05:00,25.4
06/06/06 06:00,54.6
06/06/06 07:00,63.6
06/06/06 08:00,72.1
06/06/06 09:00,60.3
06/06/06 10:00,66.6
06/06/06 11:00,72.0
06/06/06 12:00,74.4
06/06/06 13:00,68.8
06/06/06 14:00,73.1
06/06/06 15:00,70.4
06/06/06 16:00,65.0
06/06/06 17:00,53.4
06/06/06 18:00,34.5
06/06/06 19:00,0.0
06/06/06 20:00,0.0
06/06/06 21:00,0.0
06/06/06 22:00,0.0
06/06/06 23:00,0.0
06/07/06 00:00,0.0
06/07/06 01:00,0.0
06/07/06 02:00,0.0
06/07/06 03:00,0.0
06/07/06 04:00,0.0
06/07/06 05:00,23.6
06/07/06 06:00,0.0
06/07/06 07:00,53.1
06/07/06 08:00,67.5
06/07/06 09:00,58.4
06/07/06 10:00,57.0
06/07/06 11:00,49.0
06/07/06 12:00,53.7
06/07/06 13:00,81.4
06/07/06 14:00,63.7
06/07/06 15:00,55.9
06/07/06 16:00,68.6
06/07/06 17:00,42.1
06/07/06 18:00,19.7
06/07/06 19:00,0.0
06/07/06 20:00,0.0
06/07/06 21:00,0.0
06/07/06 22:00,0.0
06/07/06 23:00,0.0
06/08/06 00:00,0.0
06/08/06 01:00,0.0
06/08/06 02:00,0.0
06/08/06 03:00,0.0
06/08/06 04:00,0.0
06/08/06 05:00,25.0
06/08/06 06:00,51.9
06/08/06 07:00,64.3
06/08/06 08:00,66.1
06/08/06 09:00,68.3
06/08/06 10:00,74.7
06/08/06 11:00,71.0
06/08/06 12:00,63.7
06/08/06 13:00,71.4
06/08/06 14:00,52.8
06/08/06 15:00,57.0
06/08/06 16:00,64.6
06/08/06 17:00,31.0
06/08/06 18:00,26.2
06/08/06 19:00,0.0
06/08/06 20:00,0.0
06/08/06 21:00,0.0
06/08/06 22:00,0.0
06/08/06 23:00,0.0
06/09/06 00:00,0.0
06/09/06 01:00,0.0
06/09/06 02:00,0.0
06/09/06 03:00,0.0
06/09/06 04:00,0.0
06/09/06 05:00,25.2
06/09/06 06:00,52.7
06/09/06 07:00,66.1
06/09/06 08:00,64.4
06/09/06 09:00,69.8
06/09/06 10:00,70.3
06/09/06 11:00,68.4
06/09/06 12:00,70.8
06/09/06 13:00,77.2
06/09/06 14:00,61.5
06/09/06 15:00,60.2
06/09/06 16:00,12.5
06/09/06 17:00,0.0
06/09/06 18:00,13.7
06/09/06 19:00,0.0
06/09/06 20:00,0.0
06/09/06 21:00,0.0
06/09/06 22:00,0.0
06/09/06 23:00,0.0
06/10/06 00:00,0.0
06/10/06 01:00,0.0
06/10/06 02:00,0.0
06/10/06 03:00,0.0
06/10/06 04:00,0.0
06/10/06 05:00,1.3
06/10/06 06:00,1.3
06/10/06 07:00,5.9
06/10/06 08:00,13.0
06/10/06 09:00,20.7
06/10/06 10:00,36.2
06/10/06 11:00,70.8
06/10/06 12:00,67.1
06/10/06 13:00,82.9
06/10/06 14:00,44.9
06/10/06 15:00,18.6
06/10/06 16:00,0.0
06/10/06 17:00,44.9
06/10/06 18:00,24.1
06/10/06 19:00,0.0
06/10/06 20:00,0.0
06/10/06 21:00,0.0
06/10/06 22:00,0.0
06/10/06 23:00,0.0
06/11/06 00:00,0.0
06/11/06 01:00,0.0
06/11/06 02:00,0.0
06/11/06 03:00,0.0
06/11/06 04:00,0.0
06/11/06 05:00,12.5
06/11/06 06:00,30.6
06/11/06 07:00,20.8
06/11/06 08:00,61.6
06/11/06 09:00,74.4
06/11/06 10:00,74.4
06/11/06 11:00,73.0
06/11/06 12:00,73.0
06/11/06 13:00,73.5
06/11/06 14:00,75.3
06/11/06 15:00,78.4
06/11/06 16:00,32.5
06/11/06 17:00,29.8
06/11/06 18:00,17.7
06/11/06 19:00,0.0
06/11/06 20:00,0.0
06/11/06 21:00,0.0
06/11/06 22:00,0.0
06/11/06 23:00,0.0
06/12/06 00:00,0.0
06/12/06 01:00,0.0
06/12/06 02:00,0.0
06/12/06 03:00,0.0
06/12/06 04:00,0.0
06/12/06 05:00,25.5
06/12/06 06:00,41.8
06/12/06 07:00,65.9
06/12/06 08:00,61.8
06/12/06 09:00,68.3
06/12/06 10:00,74.1
06/12/06 11:00,70.6
06/12/06 12:00,73.3
06/12/06 13:00,77.1
06/12/06 14:00,75.7
06/12/06 15:00,75.0
06/12/06 16:00,66.4
06/12/06 17:00,44.5
06/12/06 18:00,39.2
06/12/06 19:00,0.0
06/12/06 20:00,0.0
06/12/06 21:00,0.0
06/12/06 22:00,0.0
06/12/06 23:00,0.0
06/13/06 00:00,0.0
06/13/06 01:00,0.0
06/13/06 02:00,0.0
06/13/06 03:00,0.0
06/13/06 04:00,0.0
06/13/06 05:00,25.7
06/13/06 06:00,52.5
06/13/06 07:00,62.6
06/13/06 08:00,67.7
06/13/06 09:00,69.4
06/13/06 10:00,70.1
06/13/06 11:00,65.6
06/13/06 12:00,66.4
06/13/06 13:00,76.4
06/13/06 14:00,74.1
06/13/06 15:00,60.6
06/13/06 16:00,24.4
06/13/06 17:00,0.0
06/13/06 18:00,0.1
06/13/06 19:00,0.0
06/13/06 20:00,0.0
06/13/06 21:00,0.0
06/13/06 22:00,0.0
06/13/06 23:00,0.0
06/14/06 00:00,0.0
06/14/06 01:00,0.0
06/14/06 02:00,0.0
06/14/06 03:00,0.0
06/14/06 04:00,0.0
06/14/06 05:00,25.3
06/14/06 06:00,50.8
06/14/06 07:00,71.0
06/14/06 08:00,71.3
06/14/06 09:00,62.8
06/14/06 10:00,78.6
06/14/06 11:00,76.7
06/14/06 12:00,70.6
06/14/06 13:00,73.3
06/14/06 14:00,63.5
06/14/06 15:00,74.0
06/14/06 16:00,47.4
06/14/06 17:00,36.6
06/14/06 18:00,26.6
06/14/06 19:00,0.0
06/14/06 20:00,0.0
06/14/06 21:00,0.0
06/14/06 22:00,0.0
06/14/06 23:00,0.0
06/15/06 00:00,0.0
06/15/06 01:00,0.0
06/15/06 02:00,0.0
06/15/06 03:00,0.0
06/15/06 04:00,0.0
06/15/06 05:00,26.6
06/15/06 06:00,53.6
06/15/06 07:00,55.6
06/15/06 08:00,51.4
06/15/06 09:00,55.1
06/15/06 10:00,56.7
06/15/06 11:00,64.3
06/15/06 12:00,62.3
06/15/06 13:00,56.0
06/15/06 14:00,57.1
06/15/06 15:00,43.3
06/15/06 16:00,58.4
06/15/06 17:00,42.8
06/15/06 18:00,40.4
06/15/06 19:00,0.0
06/15/06 20:00,0.0
06/15/06 21:00,0.0
06/15/06 22:00,0.0
06/15/06 23:00,0.0
06/16/06 00:00,0.0
06/16/06 01:00,0.0
06/16/06 02:00,0.0
06/16/06 03:00,0.0
06/16/06 04:00,0.0
06/16/06 05:00,0.1
06/16/06 06:00,0.4
06/16/06 07:00,12.0
06/16/06 08:00,35.9
06/16/06 09:00,56.3
06/16/06 10:00,47.0
06/16/06 11:00,54.3
06/16/06 12:00,58.5
06/16/06 13:00,65.4
06/16/06 14:00,53.2
06/16/06 15:00,54.5
06/16/06 16:00,44.7
06/16/06 17:00,27.8
06/16/06 18:00,22.1
06/16/06 19:00,0.0
06/16/06 20:00,0.0
06/16/06 21:00,0.0
06/16/06 22:00,0.0
06/16/06 23:00,0.0
06/17/06 00:00,0.0
06/17/06 01:00,0.0
06/17/06 02:00,0.0
06/17/06 03:00,0.0
06/17/06 04:00,0.0
06/17/06 05:00,25.7
06/17/06 06:00,45.9
06/17/06 07:00,58.3
06/17/06 08:00,61.9
06/17/06 09:00,67.8
06/17/06 10:00,76.6
06/17/06 11:00,73.5
06/17/06 12:00,46.2
06/17/06 13:00,41.1
06/17/06 14:00,54.3
06/17/06 15:00,39.8
06/17/06 16:00,55.6
06/17/06 17:00,54.3
06/17/06 18:00,31.0
06/17/06 19:00,0.0
06/17/06 20:00,0.0
06/17/06 21:00,0.0
06/17/06 22:00,0.0
06/17/06 23:00,0.0
06/18/06 00:00,0.0
06/18/06 01:00,0.0
06/18/06 02:00,0.0
06/18/06 03:00,0.0
06/18/06 04:00,0.0
06/18/06 05:00,25.2
06/18/06 06:00,39.9
06/18/06 07:00,66.8
06/18/06 08:00,60.9
06/18/06 09:00,54.7
06/18/06 10:00,61.1
06/18/06 11:00,76.7
06/18/06 12:00,72.7
06/18/06 13:00,75.2
06/18/06 14:00,66.6
06/18/06 15:00,60.7
06/18/06 16:00,58.9
06/18/06 17:00,56.0
06/18/06 18:00,39.6
06/18/06 19:00,0.0
06/18/06 20:00,0.0
06/18/06 21:00,0.0
06/18/06 22:00,0.0
06/18/06 23:00,0.0
06/19/06 00:00,0.0
06/19/06 01:00,0.0
06/19/06 02:00,0.0
06/19/06 03:00,0.0
06/19/06 04:00,0.0
06/19/06 05:00,25.2
06/19/06 06:00,49.1
06/19/06 07:00,68.2
06/19/06 08:00,63.9
06/19/06 09:00,50.4
06/19/06 10:00,73.6
06/19/06 11:00,76.8
06/19/06 12:00,80.2
06/19/06 13:00,71.7
06/19/06 14:00,81.6
06/19/06 15:00,74.6
06/19/06 16:00,67.3
06/19/06 17:00,48.6
06/19/06 18:00,28.8
06/19/06 19:00,0.0
06/19/06 20:00,0.0
06/19/06 21:00,0.0
06/19/06 22:00,0.0
06/19/06 23:00,0.0
06/20/06 00:00,0.0
06/20/06 01:00,0.0
06/20/06 02:00,0.0
06/20/06 03:00,0.0
06/20/06 04:00,0.0
06/20/06 05:00,25.2
06/20/06 06:00,38.4
06/20/06 07:00,37.8
06/20/06 08:00,60.3
06/20/06 09:00,61.4
06/20/06 10:00,77.6
06/20/06 11:00,68.2
06/20/06 12:00,74.5
06/20/06 13:00,74.1
06/20/06 14:00,74.7
06/20/06 15:00,75.5
06/20/06 16:00,47.9
06/20/06 17:00,26.1
06/20/06 18:00,23.9
06/20/06 19:00,0.0
06/20/06 20:00,0.0
06/20/06 21:00,0.0
06/20/06 22:00,0.0
06/20/06 23:00,0.0
06/21/06 00:00,0.0
06/21/06 01:00,0.0
06/21/06 02:00,0.0
06/21/06 03:00,0.0
06/21/06 04:00,0.0
06/21/06 05:00,25.4
06/21/06 06:00,53.9
06/21/06 07:00,68.2
06/21/06 08:00,72.1
06/21/06 09:00,71.3
06/21/06 10:00,71.1
06/21/06 11:00,66.6
06/21/06 12:00,71.8
06/21/06 13:00,76.9
06/21/06 14:00,74.3
06/21/06 15:00,58.5
06/21/06 16:00,71.0
06/21/06 17:00,50.1
06/21/06 18:00,29.9
06/21/06 19:00,0.0
06/21/06 20:00,0.0
06/21/06 21:00,0.0
06/21/06 22:00,0.0
06/21/06 23:00,0.0
06/22/06 00:00,0.0
06/22/06 01:00,0.0
06/22/06 02:00,0.0
06/22/06 03:00,0.0
06/22/06 04:00,0.0
06/22/06 05:00,18.9
06/22/06 06:00,20.5
06/22/06 07:00,37.3
06/22/06 08:00,47.0
06/22/06 09:00,56.9
06/22/06 10:00,37.0
06/22/06 11:00,43.1
06/22/06 12:00,39.5
06/22/06 13:00,69.2
06/22/06 14:00,76.6
06/22/06 15:00,64.5
06/22/06 16:00,63.9
06/22/06 17:00,43.2
06/22/06 18:00,29.5
06/22/06 19:00,0.0
06/22/06 20:00,0.0
06/22/06 21:00,0.0
06/22/06 22:00,0.0
06/22/06 23:00,0.0
06/23/06 00:00,0.0
06/23/06 01:00,0.0
06/23/06 02:00,0.0
06/23/06 03:00,0.0
06/23/06 04:00,0.0
06/23/06 05:00,0.2
06/23/06 06:00,32.4
06/23/06 07:00,60.4
06/23/06 08:00,64.4
06/23/06 09:00,67.9
06/23/06 10:00,67.2
06/23/06 11:00,64.9
06/23/06 12:00,64.6
06/23/06 13:00,54.6
06/23/06 14:00,23.0
06/23/06 15:00,11.4
06/23/06 16:00,27.5
06/23/06 17:00,27.3
06/23/06 18:00,24.3
06/23/06 19:00,0.0
06/23/06 20:00,0.0
06/23/06 21:00,0.0
06/23/06 22:00,0.0
06/23/06 23:00,0.0
06/24/06 00:00,0.0
06/24/06 01:00,0.0
06/24/06 02:00,0.0
06/24/06 03:00,0.0
06/24/06 04:00,0.0
06/24/06 05:00,26.1
06/24/06 06:00,57.0
06/24/06 07:00,57.2
06/24/06 08:00,75.5
06/24/06 09:00,71.8
06/24/06 10:00,56.7
06/24/06 11:00,0.0
06/24/06 12:00,47.5
06/24/06 13:00,58.3
06/24/06 14:00,40.7
06/24/06 15:00,63.0
06/24/06 16:00,33.4
06/24/06 17:00,26.6
06/24/06 18:00,24.2
06/24/06 19:00,0.0
06/24/06 20:00,0.0
06/24/06 21:00,0.0
06/24/06 22:00,0.0
06/24/06 23:00,0.0
06/25/06 00:00,0.0
06/25/06 01:00,0.0
06/25/06 02:00,0.0
06/25/06 03:00,0.0
06/25/06 04:00,0.0
06/25/06 05:00,26.2
06/25/06 06:00,52.9
06/25/06 07:00,65.5
06/25/06 08:00,77.5
06/25/06 09:00,65.8
06/25/06 10:00,63.5
06/25/06 11:00,57.4
06/25/06 12:00,66.0
06/25/06 13:00,55.3
06/25/06 14:00,42.4
06/25/06 15:00,69.3
06/25/06 16:00,63.7
06/25/06 17:00,44.1
06/25/06 18:00,30.0
06/25/06 19:00,0.0
06/25/06 20:00,0.0
06/25/06 21:00,0.0
06/25/06 22:00,0.0
06/25/06 23:00,0.0
06/26/06 00:00,0.0
06/26/06 01:00,0.0
06/26/06 02:00,0.0
06/26/06 03:00,0.0
06/26/06 04:00,0.0
06/26/06 05:00,25.7
06/26/06 06:00,51.8
06/26/06 07:00,68.7
06/26/06 08:00,67.0
06/26/06 09:00,63.5
06/26/06 10:00,69.7
06/26/06 11:00,62.2
06/26/06 12:00,69.8
06/26/06 13:00,64.9
06/26/06 14:00,63.7
06/26/06 15:00,65.8
06/26/06 16:00,62.0
06/26/06 17:00,47.0
06/26/06 18:00,29.3
06/26/06 19:00,0.0
06/26/06 20:00,0.0
06/26/06 21:00,0.0
06/26/06 22:00,0.0
06/26/06 23:00,0.0
06/27/06 00:00,0.0
06/27/06 01:00,0.0
06/27/06 02:00,0.0
06/27/06 03:00,0.0
06/27/06 04:00,0.0
06/27/06 05:00,25.9
06/27/06 06:00,52.1
06/27/06 07:00,65.2
06/27/06 08:00,67.0
06/27/06 09:00,62.0
06/27/06 10:00,65.8
06/27/06 11:00,63.9
06/27/06 12:00,65.5
06/27/06 13:00,69.8
06/27/06 14:00,75.1
06/27/06 15:00,67.6
06/27/06 16:00,68.7
06/27/06 17:00,47.6
06/27/06 18:00,28.0
06/27/06 19:00,0.0
06/27/06 20:00,0.0
06/27/06 21:00,0.0
06/27/06 22:00,0.0
06/27/06 23:00,0.0
06/28/06 00:00,0.0
06/28/06 01:00,0.0
06/28/06 02:00,0.0
06/28/06 03:00,0.0
06/28/06 04:00,0.0
06/28/06 05:00,24.1
06/28/06 06:00,52.7
06/28/06 07:00,0.0
06/28/06 08:00,0.0
06/28/06 09:00,71.3
06/28/06 10:00,63.5
06/28/06 11:00,58.7
06/28/06 12:00,53.4
06/28/06 13:00,65.1
06/28/06 14:00,36.8
06/28/06 15:00,67.3
06/28/06 16:00,68.9
06/28/06 17:00,56.6
06/28/06 18:00,39.7
06/28/06 19:00,0.0
06/28/06 20:00,0.0
06/28/06 21:00,0.0
06/28/06 22:00,0.0
06/28/06 23:00,0.0
06/29/06 00:00,0.0
06/29/06 01:00,0.0
06/29/06 02:00,0.0
06/29/06 03:00,0.0
06/29/06 04:00,0.0
06/29/06 05:00,25.6
06/29/06 06:00,53.0
06/29/06 07:00,65.6
06/29/06 08:00,74.0
06/29/06 09:00,75.0
06/29/06 10:00,70.0
06/29/06 11:00,69.4
06/29/06 12:00,64.4
06/29/06 13:00,62.5
06/29/06 14:00,50.5
06/29/06 15:00,58.7
06/29/06 16:00,53.2
06/29/06 17:00,40.0
06/29/06 18:00,27.1
06/29/06 19:00,0.0
06/29/06 20:00,0.0
06/29/06 21:00,0.0
06/29/06 22:00,0.0
06/29/06 23:00,0.0
06/30/06 00:00,0.0
06/30/06 01:00,0.0
06/30/06 02:00,0.0
06/30/06 03:00,0.0
06/30/06 04:00,0.0
06/30/06 05:00,22.4
06/30/06 06:00,46.9
06/30/06 07:00,64.2
06/30/06 08:00,68.0
06/30/06 09:00,47.7
06/30/06 10:00,69.6
06/30/06 11:00,68.9
06/30/06 12:00,70.5
06/30/06 13:00,55.8
06/30/06 14:00,52.3
06/30/06 15:00,34.5
06/30/06 16:00,36.9
06/30/06 17:00,45.0
06/30/06 18:00,24.5
06/30/06 19:00,0.0
06/30/06 20:00,0.0
06/30/06 21:00,0.0
06/30/06 22:00,0.0
06/30/06 23:00,0.0
07/01/06 00:00,0.0
07/01/06 01:00,0.0
07/01/06 02:00,0.0
07/01/06 03:00,0.0
07/01/06 04:00,0.0
07/01/06 05:00,0.0
07/01/06 06:00,12.3
07/01/06 07:00,54.6
07/01/06 08:00,62.4
07/01/06 09:00,56.1
07/01/06 10:00,0.0
07/01/06 11:00,0.0
07/01/06 12:00,0.0
07/01/06 13:00,56.3
07/01/06 14:00,55.4
07/01/06 15:00,15.0
07/01/06 16:00,31.8
07/01/06 17:00,25.7
07/01/06 18:00,24.0
07/01/06 19:00,0.0
07/01/06 20:00,0.0
07/01/06 21:00,0.0
07/01/06 22:00,0.0
07/01/06 23:00,0.0
07/02/06 00:00,0.0
07/02/06 01:00,0.0
07/02/06 02:00,0.0
07/02/06 03:00,0.0
07/02/06 04:00,0.0
07/02/06 05:00,22.6
07/02/06 06:00,49.8
07/02/06 07:00,61.8
07/02/06 08:00,73.2
07/02/06 09:00,63.8
07/02/06 10:00,65.5
07/02/06 11:00,64.8
07/02/06 12:00,71.6
07/02/06 13:00,56.8
07/02/06 14:00,1.2
07/02/06 15:00,59.5
07/02/06 16:00,22.0
07/02/06 17:00,35.3
07/02/06 18:00,19.2
07/02/06 19:00,0.0
07/02/06 20:00,0.0
07/02/06 21:00,0.0
07/02/06 22:00,0.0
07/02/06 23:00,0.0
07/03/06 00:00,0.0
07/03/06 01:00,0.0
07/03/06 02:00,0.0
07/03/06 03:00,0.0
07/03/06 04:00,0.0
07/03/06 05:00,22.3
07/03/06 06:00,45.6
07/03/06 07:00,52.0
07/03/06 08:00,67.8
07/03/06 09:00,69.7
07/03/06 10:00,72.2
07/03/06 11:00,71.4
07/03/06 12:00,73.9
07/03/06 13:00,72.9
07/03/06 14:00,65.4
07/03/06 15:00,21.2
07/03/06 16:00,49.9
07/03/06 17:00,25.6
07/03/06 18:00,23.9
07/03/06 19:00,0.0
07/03/06 20:00,0.0
07/03/06 21:00,0.0
07/03/06 22:00,0.0
07/03/06 23:00,0.0
07/04/06 00:00,0.0
07/04/06 01:00,0.0
07/04/06 02:00,0.0
07/04/06 03:00,0.0
07/04/06 04:00,0.0
07/04/06 05:00,0.0
07/04/06 06:00,0.9
07/04/06 07:00,0.8
07/04/06 08:00,0.1
07/04/06 09:00,25.5
07/04/06 10:00,45.8
07/04/06 11:00,56.9
07/04/06 12:00,59.8
07/04/06 13:00,36.2
07/04/06 14:00,24.5
07/04/06 15:00,17.8
07/04/06 16:00,1.3
07/04/06 17:00,30.6
07/04/06 18:00,23.8
07/04/06 19:00,0.0
07/04/06 20:00,0.0
07/04/06 21:00,0.0
07/04/06 22:00,0.0
07/04/06 23:00,0.0
07/05/06 00:00,0.0
07/05/06 01:00,0.0
07/05/06 02:00,0.0
07/05/06 03:00,0.0
07/05/06 04:00,0.0
07/05/06 05:00,21.7
07/05/06 06:00,54.3
07/05/06 07:00,63.9
07/05/06 08:00,66.0
07/05/06 09:00,66.6
07/05/06 10:00,61.1
07/05/06 11:00,50.7
07/05/06 12:00,62.4
07/05/06 13:00,70.6
07/05/06 14:00,46.2
07/05/06 15:00,69.8
07/05/06 16:00,49.1
07/05/06 17:00,41.0
07/05/06 18:00,27.0
07/05/06 19:00,0.0
07/05/06 20:00,0.0
07/05/06 21:00,0.0
07/05/06 22:00,0.0
07/05/06 23:00,0.0
07/06/06 00:00,0.0
07/06/06 01:00,0.0
07/06/06 02:00,0.0
07/06/06 03:00,0.0
07/06/06 04:00,0.0
07/06/06 05:00,5.7
07/06/06 06:00,12.4
07/06/06 07:00,33.2
07/06/06 08:00,63.7
07/06/06 09:00,50.5
07/06/06 10:00,76.1
07/06/06 11:00,64.4
07/06/06 12:00,56.4
07/06/06 13:00,52.9
07/06/06 14:00,55.4
07/06/06 15:00,46.4
07/06/06 16:00,0.1
07/06/06 17:00,52.4
07/06/06 18:00,23.8
07/06/06 19:00,0.0
07/06/06 20:00,0.0
07/06/06 21:00,0.0
07/06/06 22:00,0.0
07/06/06 23:00,0.0
07/07/06 00:00,0.0
07/07/06 01:00,0.0
07/07/06 02:00,0.0
07/07/06 03:00,0.0
07/07/06 04:00,0.0
07/07/06 05:00,20.4
07/07/06 06:00,46.3
07/07/06 07:00,54.0
07/07/06 08:00,65.6
07/07/06 09:00,71.0
07/07/06 10:00,52.1
07/07/06 11:00,66.4
07/07/06 12:00,70.1
07/07/06 13:00,68.0
07/07/06 14:00,44.3
07/07/06 15:00,46.4
07/07/06 16:00,34.5
07/07/06 17:00,45.6
07/07/06 18:00,24.6
07/07/06 19:00,0.0
07/07/06 20:00,0.0
07/07/06 21:00,0.0
07/07/06 22:00,0.0
07/07/06 23:00,0.0
07/08/06 00:00,0.0
07/08/06 01:00,0.0
07/08/06 02:00,0.0
07/08/06 03:00,0.0
07/08/06 04:00,0.0
07/08/06 05:00,20.7
07/08/06 06:00,48.5
07/08/06 07:00,42.1
07/08/06 08:00,58.6
07/08/06 09:00,53.1
07/08/06 10:00,53.5
07/08/06 11:00,60.8
07/08/06 12:00,50.3
07/08/06 13:00,67.1
07/08/06 14:00,68.7
07/08/06 15:00,64.0
07/08/06 16:00,55.9
07/08/06 17:00,43.9
07/08/06 18:00,36.8
07/08/06 19:00,0.0
07/08/06 20:00,0.0
07/08/06 21:00,0.0
07/08/06 22:00,0.0
07/08/06 23:00,0.0
07/09/06 00:00,0.0
07/09/06 01:00,0.0
07/09/06 02:00,0.0
07/09/06 03:00,0.0
07/09/06 04:00,0.0
07/09/06 05:00,21.4
07/09/06 06:00,52.3
07/09/06 07:00,30.0
07/09/06 08:00,37.9
07/09/06 09:00,36.2
07/09/06 10:00,56.3
07/09/06 11:00,45.8
07/09/06 12:00,45.9
07/09/06 13:00,60.9
07/09/06 14:00,40.2
07/09/06 15:00,47.5
07/09/06 16:00,35.2
07/09/06 17:00,18.3
07/09/06 18:00,23.2
07/09/06 19:00,0.0
07/09/06 20:00,0.0
07/09/06 21:00,0.0
07/09/06 22:00,0.0
07/09/06 23:00,0.0
07/10/06 00:00,0.0
07/10/06 01:00,0.0
07/10/06 02:00,0.0
07/10/06 03:00,0.0
07/10/06 04:00,0.0
07/10/06 05:00,19.8
07/10/06 06:00,44.9
07/10/06 07:00,54.5
07/10/06 08:00,54.3
07/10/06 09:00,51.7
07/10/06 10:00,48.6
07/10/06 11:00,45.7
07/10/06 12:00,52.0
07/10/06 13:00,53.8
07/10/06 14:00,50.6
07/10/06 15:00,59.7
07/10/06 16:00,45.8
07/10/06 17:00,26.7
07/10/06 18:00,24.1
07/10/06 19:00,0.0
07/10/06 20:00,0.0
07/10/06 21:00,0.0
07/10/06 22:00,0.0
07/10/06 23:00,0.0
07/11/06 00:00,0.0
07/11/06 01:00,0.0
07/11/06 02:00,0.0
07/11/06 03:00,0.0
07/11/06 04:00,0.0
07/11/06 05:00,19.2
07/11/06 06:00,49.7
07/11/06 07:00,61.9
07/11/06 08:00,67.0
07/11/06 09:00,68.6
07/11/06 10:00,67.7
07/11/06 11:00,70.7
07/11/06 12:00,71.9
07/11/06 13:00,72.7
07/11/06 14:00,71.0
07/11/06 15:00,72.6
07/11/06 16:00,73.6
07/11/06 17:00,0.0
07/11/06 18:00,30.6
07/11/06 19:00,0.0
07/11/06 20:00,0.0
07/11/06 21:00,0.0
07/11/06 22:00,0.0
07/11/06 23:00,0.0
07/12/06 00:00,0.0
07/12/06 01:00,0.0
07/12/06 02:00,0.0
07/12/06 03:00,0.0
07/12/06 04:00,0.0
07/12/06 05:00,18.4
07/12/06 06:00,48.8
07/12/06 07:00,62.3
07/12/06 08:00,67.9
07/12/06 09:00,71.3
07/12/06 10:00,70.5
07/12/06 11:00,64.2
07/12/06 12:00,72.8
07/12/06 13:00,68.9
07/12/06 14:00,54.7
07/12/06 15:00,52.9
07/12/06 16:00,48.4
07/12/06 17:00,26.9
07/12/06 18:00,0.0
07/12/06 19:00,0.0
07/12/06 20:00,0.0
07/12/06 21:00,0.0
07/12/06 22:00,0.0
07/12/06 23:00,0.0
07/13/06 00:00,0.0
07/13/06 01:00,0.0
07/13/06 02:00,0.0
07/13/06 03:00,0.0
07/13/06 04:00,0.0
07/13/06 05:00,18.5
07/13/06 06:00,47.7
07/13/06 07:00,63.1
07/13/06 08:00,70.6
07/13/06 09:00,63.8
07/13/06 10:00,65.7
07/13/06 11:00,59.6
07/13/06 12:00,67.4
07/13/06 13:00,67.8
07/13/06 14:00,74.7
07/13/06 15:00,68.3
07/13/06 16:00,67.9
07/13/06 17:00,45.2
07/13/06 18:00,29.4
07/13/06 19:00,0.0
07/13/06 20:00,0.0
07/13/06 21:00,0.0
07/13/06 22:00,0.0
07/13/06 23:00,0.0
07/14/06 00:00,0.0
07/14/06 01:00,0.0
07/14/06 02:00,0.0
07/14/06 03:00,0.0
07/14/06 04:00,0.0
07/14/06 05:00,18.8
07/14/06 06:00,48.1
07/14/06 07:00,63.9
07/14/06 08:00,67.2
07/14/06 09:00,70.6
07/14/06 10:00,59.3
07/14/06 11:00,70.5
07/14/06 12:00,70.9
07/14/06 13:00,72.0
07/14/06 14:00,71.2
07/14/06 15:00,71.2
07/14/06 16:00,66.9
07/14/06 17:00,52.2
07/14/06 18:00,33.0
07/14/06 19:00,0.0
07/14/06 20:00,0.0
07/14/06 21:00,0.0
07/14/06 22:00,0.0
07/14/06 23:00,0.0
07/15/06 00:00,0.0
07/15/06 01:00,0.0
07/15/06 02:00,0.0
07/15/06 03:00,0.0
07/15/06 04:00,0.0
07/15/06 05:00,17.4
07/15/06 06:00,51.0
07/15/06 07:00,68.5
07/15/06 08:00,65.2
07/15/06 09:00,68.9
07/15/06 10:00,63.8
07/15/06 11:00,62.8
07/15/06 12:00,56.2
07/15/06 13:00,62.7
07/15/06 14:00,65.5
07/15/06 15:00,60.2
07/15/06 16:00,57.4
07/15/06 17:00,45.8
07/15/06 18:00,32.4
07/15/06 19:00,0.0
07/15/06 20:00,0.0
07/15/06 21:00,0.0
07/15/06 22:00,0.0
07/15/06 23:00,0.0
07/16/06 00:00,0.0
07/16/06 01:00,0.0
07/16/06 02:00,0.0
07/16/06 03:00,0.0
07/16/06 04:00,0.0
07/16/06 05:00,17.6
07/16/06 06:00,52.2
07/16/06 07:00,54.3
07/16/06 08:00,52.5
07/16/06 09:00,73.4
07/16/06 10:00,64.8
07/16/06 11:00,57.5
07/16/06 12:00,60.6
07/16/06 13:00,67.5
07/16/06 14:00,63.9
07/16/06 15:00,66.4
07/16/06 16:00,55.9
07/16/06 17:00,39.5
07/16/06 18:00,32.1
07/16/06 19:00,0.0
07/16/06 20:00,0.0
07/16/06 21:00,0.0
07/16/06 22:00,0.0
07/16/06 23:00,0.0
07/17/06 00:00,0.0
07/17/06 01:00,0.0
07/17/06 02:00,0.0
07/17/06 03:00,0.0
07/17/06 04:00,0.0
07/17/06 05:00,12.3
07/17/06 06:00,44.5
07/17/06 07:00,55.2
07/17/06 08:00,61.3
07/17/06 09:00,76.7
07/17/06 10:00,70.6
07/17/06 11:00,71.0
07/17/06 12:00,70.0
07/17/06 13:00,69.1
07/17/06 14:00,73.6
07/17/06 15:00,67.4
07/17/06 16:00,63.9
07/17/06 17:00,47.4
07/17/06 18:00,27.7
07/17/06 19:00,0.0
07/17/06 20:00,0.0
07/17/06 21:00,0.0
07/17/06 22:00,0.0
07/17/06 23:00,0.0
07/18/06 00:00,0.0
07/18/06 01:00,0.0
07/18/06 02:00,0.0
07/18/06 03:00,0.0
07/18/06 04:00,0.0
07/18/06 05:00,15.5
07/18/06 06:00,50.8
07/18/06 07:00,69.1
07/18/06 08:00,67.8
07/18/06 09:00,70.1
07/18/06 10:00,70.7
07/18/06 11:00,69.8
07/18/06 12:00,69.4
07/18/06 13:00,67.4
07/18/06 14:00,68.5
07/18/06 15:00,52.5
07/18/06 16:00,36.0
07/18/06 17:00,0.0
07/18/06 18:00,0.3
07/18/06 19:00,0.0
07/18/06 20:00,0.0
07/18/06 21:00,0.0
07/18/06 22:00,0.0
07/18/06 23:00,0.0
07/19/06 00:00,0.0
07/19/06 01:00,0.0
07/19/06 02:00,0.0
07/19/06 03:00,0.0
07/19/06 04:00,0.0
07/19/06 05:00,10.3
07/19/06 06:00,13.0
07/19/06 07:00,19.0
07/19/06 08:00,54.6
07/19/06 09:00,51.9
07/19/06 10:00,42.9
07/19/06 11:00,45.3
07/19/06 12:00,49.6
07/19/06 13:00,61.6
07/19/06 14:00,70.8
07/19/06 15:00,74.4
07/19/06 16:00,52.4
07/19/06 17:00,35.6
07/19/06 18:00,24.9
07/19/06 19:00,0.0
07/19/06 20:00,0.0
07/19/06 21:00,0.0
07/19/06 22:00,0.0
07/19/06 23:00,0.0
07/20/06 00:00,0.0
07/20/06 01:00,0.0
07/20/06 02:00,0.0
07/20/06 03:00,0.0
07/20/06 04:00,0.0
07/20/06 05:00,0.0
07/20/06 06:00,21.2
07/20/06 07:00,46.5
07/20/06 08:00,50.5
07/20/06 09:00,50.9
07/20/06 10:00,50.2
07/20/06 11:00,45.2
07/20/06 12:00,44.7
07/20/06 13:00,39.0
07/20/06 14:00,35.0
07/20/06 15:00,51.4
07/20/06 16:00,35.4
07/20/06 17:00,27.3
07/20/06 18:00,0.1
07/20/06 19:00,0.0
07/20/06 20:00,0.0
07/20/06 21:00,0.0
07/20/06 22:00,0.0
07/20/06 23:00,0.0
07/21/06 00:00,0.0
07/21/06 01:00,0.0
07/21/06 02:00,0.0
07/21/06 03:00,0.0
07/21/06 04:00,0.0
07/21/06 05:00,12.3
07/21/06 06:00,47.8
07/21/06 07:00,58.7
07/21/06 08:00,67.0
07/21/06 09:00,69.3
07/21/06 10:00,71.3
07/21/06 11:00,75.8
07/21/06 12:00,73.0
07/21/06 13:00,54.9
07/21/06 14:00,63.5
07/21/06 15:00,29.2
07/21/06 16:00,51.7
07/21/06 17:00,48.0
07/21/06 18:00,27.9
07/21/06 19:00,0.0
07/21/06 20:00,0.0
07/21/06 21:00,0.0
07/21/06 22:00,0.0
07/21/06 23:00,0.0
07/22/06 00:00,0.0
07/22/06 01:00,0.0
07/22/06 02:00,0.0
07/22/06 03:00,0.0
07/22/06 04:00,0.0
07/22/06 05:00,11.8
07/22/06 06:00,46.0
07/22/06 07:00,59.9
07/22/06 08:00,67.9
07/22/06 09:00,70.6
07/22/06 10:00,74.2
07/22/06 11:00,74.2
07/22/06 12:00,66.4
07/22/06 13:00,72.0
07/22/06 14:00,72.4
07/22/06 15:00,66.6
07/22/06 16:00,65.8
07/22/06 17:00,52.4
07/22/06 18:00,33.9
07/22/06 19:00,0.0
07/22/06 20:00,0.0
07/22/06 21:00,0.0
07/22/06 22:00,0.0
07/22/06 23:00,0.0
07/23/06 00:00,0.0
07/23/06 01:00,0.0
07/23/06 02:00,0.0
07/23/06 03:00,0.0
07/23/06 04:00,0.0
07/23/06 05:00,8.7
07/23/06 06:00,40.9
07/23/06 07:00,53.4
07/23/06 08:00,41.4
07/23/06 09:00,48.4
07/23/06 10:00,69.8
07/23/06 11:00,64.3
07/23/06 12:00,57.4
07/23/06 13:00,64.8
07/23/06 14:00,51.3
07/23/06 15:00,59.5
07/23/06 16:00,62.8
07/23/06 17:00,41.8
07/23/06 18:00,23.8
07/23/06 19:00,0.0
07/23/06 20:00,0.0
07/23/06 21:00,0.0
07/23/06 22:00,0.0
07/23/06 23:00,0.0
07/24/06 00:00,0.0
07/24/06 01:00,0.0
07/24/06 02:00,0.0
07/24/06 03:00,0.0
07/24/06 04:00,0.0
07/24/06 05:00,10.1
07/24/06 06:00,43.4
07/24/06 07:00,59.1
07/24/06 08:00,52.5
07/24/06 09:00,71.7
07/24/06 10:00,68.3
07/24/06 11:00,69.6
07/24/06 12:00,71.2
07/24/06 13:00,67.7
07/24/06 14:00,72.7
07/24/06 15:00,46.2
07/24/06 16:00,52.7
07/24/06 17:00,28.7
07/24/06 18:00,23.7
07/24/06 19:00,0.0
07/24/06 20:00,0.0
07/24/06 21:00,0.0
07/24/06 22:00,0.0
07/24/06 23:00,0.0
07/25/06 00:00,0.0
07/25/06 01:00,0.0
07/25/06 02:00,0.0
07/25/06 03:00,0.0
07/25/06 04:00,0.0
07/25/06 05:00,0.0
07/25/06 06:00,0.0
07/25/06 07:00,12.6
07/25/06 08:00,31.6
07/25/06 09:00,16.2
07/25/06 10:00,65.1
07/25/06 11:00,69.2
07/25/06 12:00,67.2
07/25/06 13:00,63.7
07/25/06 14:00,71.7
07/25/06 15:00,69.1
07/25/06 16:00,38.9
07/25/06 17:00,43.0
07/25/06 18:00,33.2
07/25/06 19:00,0.0
07/25/06 20:00,0.0
07/25/06 21:00,0.0
07/25/06 22:00,0.0
07/25/06 23:00,0.0
07/26/06 00:00,0.0
07/26/06 01:00,0.0
07/26/06 02:00,0.0
07/26/06 03:00,0.0
07/26/06 04:00,0.0
07/26/06 05:00,6.8
07/26/06 06:00,45.0
07/26/06 07:00,53.3
07/26/06 08:00,54.3
07/26/06 09:00,49.6
07/26/06 10:00,46.8
07/26/06 11:00,44.4
07/26/06 12:00,56.8
07/26/06 13:00,45.4
07/26/06 14:00,59.3
07/26/06 15:00,74.3
07/26/06 16:00,30.6
07/26/06 17:00,25.6
07/26/06 18:00,24.0
07/26/06 19:00,0.0
07/26/06 20:00,0.0
07/26/06 21:00,0.0
07/26/06 22:00,0.0
07/26/06 23:00,0.0
07/27/06 00:00,0.0
07/27/06 01:00,0.0
07/27/06 02:00,0.0
07/27/06 03:00,0.0
07/27/06 04:00,0.0
07/27/06 05:00,4.4
07/27/06 06:00,46.7
07/27/06 07:00,63.3
07/27/06 08:00,71.1
07/27/06 09:00,69.3
07/27/06 10:00,66.0
07/27/06 11:00,56.7
07/27/06 12:00,68.1
07/27/06 13:00,67.8
07/27/06 14:00,71.2
07/27/06 15:00,70.1
07/27/06 16:00,51.4
07/27/06 17:00,37.5
07/27/06 18:00,25.9
07/27/06 19:00,0.0
07/27/06 20:00,0.0
07/27/06 21:00,0.0
07/27/06 22:00,0.0
07/27/06 23:00,0.0
07/28/06 00:00,0.0
07/28/06 01:00,0.0
07/28/06 02:00,0.0
07/28/06 03:00,0.0
07/28/06 04:00,0.0
07/28/06 05:00,2.5
07/28/06 06:00,47.2
07/28/06 07:00,60.9
07/28/06 08:00,67.4
07/28/06 09:00,65.6
07/28/06 10:00,63.9
07/28/06 11:00,64.7
07/28/06 12:00,63.7
07/28/06 13:00,64.2
07/28/06 14:00,67.5
07/28/06 15:00,68.9
07/28/06 16:00,56.0
07/28/06 17:00,31.2
07/28/06 18:00,23.8
07/28/06 19:00,0.0
07/28/06 20:00,0.0
07/28/06 21:00,0.0
07/28/06 22:00,0.0
07/28/06 23:00,0.0
07/29/06 00:00,0.0
07/29/06 01:00,0.0
07/29/06 02:00,0.0
07/29/06 03:00,0.0
07/29/06 04:00,0.0
07/29/06 05:00,1.7
07/29/06 06:00,45.4
07/29/06 07:00,66.1
07/29/06 08:00,70.9
07/29/06 09:00,69.3
07/29/06 10:00,66.8
07/29/06 11:00,60.2
07/29/06 12:00,65.9
07/29/06 13:00,69.3
07/29/06 14:00,67.3
07/29/06 15:00,67.7
07/29/06 16:00,53.4
07/29/06 17:00,36.4
07/29/06 18:00,25.2
07/29/06 19:00,0.0
07/29/06 20:00,0.0
07/29/06 21:00,0.0
07/29/06 22:00,0.0
07/29/06 23:00,0.0
07/30/06 00:00,0.0
07/30/06 01:00,0.0
07/30/06 02:00,0.0
07/30/06 03:00,0.0
07/30/06 04:00,0.0
07/30/06 05:00,0.8
07/30/06 06:00,46.6
07/30/06 07:00,64.8
07/30/06 08:00,65.9
07/30/06 09:00,69.7
07/30/06 10:00,68.6
07/30/06 11:00,67.0
07/30/06 12:00,70.6
07/30/06 13:00,69.9
07/30/06 14:00,70.2
07/30/06 15:00,71.5
07/30/06 16:00,67.5
07/30/06 17:00,45.4
07/30/06 18:00,31.4
07/30/06 19:00,0.0
07/30/06 20:00,0.0
07/30/06 21:00,0.0
07/30/06 22:00,0.0
07/30/06 23:00,0.0
07/31/06 00:00,0.0
07/31/06 01:00,0.0
07/31/06 02:00,0.0
07/31/06 03:00,0.0
07/31/06 04:00,0.0
07/31/06 05:00,0.0
07/31/06 06:00,44.5
07/31/06 07:00,63.5
07/31/06 08:00,61.1
07/31/06 09:00,53.7
07/31/06 10:00,51.5
07/31/06 11:00,26.9
07/31/06 12:00,47.5
07/31/06 13:00,29.3
07/31/06 14:00,39.7
07/31/06 15:00,30.9
07/31/06 16:00,28.6
07/31/06 17:00,0.0
07/31/06 18:00,2.4
07/31/06 19:00,0.0
07/31/06 20:00,0.0
07/31/06 21:00,0.0
07/31/06 22:00,0.0
07/31/06 23:00,0.0
08/01/06 00:00,0.0
08/01/06 01:00,0.0
08/01/06 02:00,0.0
08/01/06 03:00,0.0
08/01/06 04:00,0.0
08/01/06 05:00,0.0
08/01/06 06:00,0.6
08/01/06 07:00,49.8
08/01/06 08:00,11.2
08/01/06 09:00,54.7
08/01/06 10:00,49.4
08/01/06 11:00,48.4
08/01/06 12:00,48.3
08/01/06 13:00,46.2
08/01/06 14:00,36.1
08/01/06 15:00,44.8
08/01/06 16:00,43.1
08/01/06 17:00,39.7
08/01/06 18:00,26.5
08/01/06 19:00,0.0
08/01/06 20:00,0.0
08/01/06 21:00,0.0
08/01/06 22:00,0.0
08/01/06 23:00,0.0
08/02/06 00:00,0.0
08/02/06 01:00,0.0
08/02/06 02:00,0.0
08/02/06 03:00,0.0
08/02/06 04:00,0.0
08/02/06 05:00,0.0
08/02/06 06:00,0.0
08/02/06 07:00,10.3
08/02/06 08:00,57.4
08/02/06 09:00,75.6
08/02/06 10:00,71.5
08/02/06 11:00,63.2
08/02/06 12:00,73.5
08/02/06 13:00,73.0
08/02/06 14:00,73.3
08/02/06 15:00,70.5
08/02/06 16:00,67.3
08/02/06 17:00,42.1
08/02/06 18:00,26.4
08/02/06 19:00,0.0
08/02/06 20:00,0.0
08/02/06 21:00,0.0
08/02/06 22:00,0.0
08/02/06 23:00,0.0
08/03/06 00:00,0.0
08/03/06 01:00,0.0
08/03/06 02:00,0.0
08/03/06 03:00,0.0
08/03/06 04:00,0.0
08/03/06 05:00,0.0
08/03/06 06:00,45.0
08/03/06 07:00,61.4
08/03/06 08:00,70.2
08/03/06 09:00,71.5
08/03/06 10:00,73.1
08/03/06 11:00,72.9
08/03/06 12:00,74.0
08/03/06 13:00,38.3
08/03/06 14:00,32.1
08/03/06 15:00,60.5
08/03/06 16:00,38.8
08/03/06 17:00,33.8
08/03/06 18:00,25.7
08/03/06 19:00,0.0
08/03/06 20:00,0.0
08/03/06 21:00,0.0
08/03/06 22:00,0.0
08/03/06 23:00,0.0
08/04/06 00:00,0.0
08/04/06 01:00,0.0
08/04/06 02:00,0.0
08/04/06 03:00,0.0
08/04/06 04:00,0.0
08/04/06 05:00,0.0
08/04/06 06:00,17.3
08/04/06 07:00,58.4
08/04/06 08:00,66.3
08/04/06 09:00,72.7
08/04/06 10:00,68.5
08/04/06 11:00,49.3
08/04/06 12:00,73.0
08/04/06 13:00,75.3
08/04/06 14:00,76.9
08/04/06 15:00,73.9
08/04/06 16:00,71.6
08/04/06 17:00,45.7
08/04/06 18:00,27.7
08/04/06 19:00,0.0
08/04/06 20:00,0.0
08/04/06 21:00,0.0
08/04/06 22:00,0.0
08/04/06 23:00,0.0
08/05/06 00:00,0.0
08/05/06 01:00,0.0
08/05/06 02:00,0.0
08/05/06 03:00,0.0
08/05/06 04:00,0.0
08/05/06 05:00,0.0
08/05/06 06:00,33.6
08/05/06 07:00,54.0
08/05/06 08:00,55.7
08/05/06 09:00,54.2
08/05/06 10:00,54.3
08/05/06 11:00,57.7
08/05/06 12:00,63.1
08/05/06 13:00,67.1
08/05/06 14:00,68.2
08/05/06 15:00,60.4
08/05/06 16:00,50.2
08/05/06 17:00,34.9
08/05/06 18:00,23.6
08/05/06 19:00,0.0
08/05/06 20:00,0.0
08/05/06 21:00,0.0
08/05/06 22:00,0.0
08/05/06 23:00,0.0
08/06/06 00:00,0.0
08/06/06 01:00,0.0
08/06/06 02:00,0.0
08/06/06 03:00,0.0
08/06/06 04:00,0.0
08/06/06 05:00,0.0
08/06/06 06:00,45.5
08/06/06 07:00,64.4
08/06/06 08:00,61.6
08/06/06 09:00,77.4
08/06/06 10:00,53.8
08/06/06 11:00,73.9
08/06/06 12:00,66.4
08/06/06 13:00,64.2
08/06/06 14:00,70.8
08/06/06 15:00,62.0
08/06/06 16:00,52.3
08/06/06 17:00,26.5
08/06/06 18:00,27.8
08/06/06 19:00,0.0
08/06/06 20:00,0.0
08/06/06 21:00,0.0
08/06/06 22:00,0.0
08/06/06 23:00,0.0
08/07/06 00:00,0.0
08/07/06 01:00,0.0
08/07/06 02:00,0.0
08/07/06 03:00,0.0
08/07/06 04:00,0.0
08/07/06 05:00,0.0
08/07/06 06:00,41.1
08/07/06 07:00,62.8
08/07/06 08:00,69.6
08/07/06 09:00,67.0
08/07/06 10:00,56.8
08/07/06 11:00,61.1
08/07/06 12:00,70.0
08/07/06 13:00,62.9
08/07/06 14:00,48.4
08/07/06 15:00,60.2
08/07/06 16:00,29.9
08/07/06 17:00,26.4
08/07/06 18:00,23.9
08/07/06 19:00,0.0
08/07/06 20:00,0.0
08/07/06 21:00,0.0
08/07/06 22:00,0.0
08/07/06 23:00,0.0
08/08/06 00:00,0.0
08/08/06 01:00,0.0
08/08/06 02:00,0.0
08/08/06 03:00,0.0
08/08/06 04:00,0.0
08/08/06 05:00,0.0
08/08/06 06:00,37.7
08/08/06 07:00,60.7
08/08/06 08:00,65.8
08/08/06 09:00,68.7
08/08/06 10:00,69.1
08/08/06 11:00,68.8
08/08/06 12:00,62.4
08/08/06 13:00,61.0
08/08/06 14:00,45.5
08/08/06 15:00,40.0
08/08/06 16:00,59.2
08/08/06 17:00,45.7
08/08/06 18:00,25.3
08/08/06 19:00,0.0
08/08/06 20:00,0.0
08/08/06 21:00,0.0
08/08/06 22:00,0.0
08/08/06 23:00,0.0
08/09/06 00:00,0.0
08/09/06 01:00,0.0
08/09/06 02:00,0.0
08/09/06 03:00,0.0
08/09/06 04:00,0.0
08/09/06 05:00,0.0
08/09/06 06:00,40.2
08/09/06 07:00,53.0
08/09/06 08:00,54.0
08/09/06 09:00,70.9
08/09/06 10:00,67.9
08/09/06 11:00,70.5
08/09/06 12:00,66.7
08/09/06 13:00,69.7
08/09/06 14:00,70.7
08/09/06 15:00,67.9
08/09/06 16:00,48.9
08/09/06 17:00,38.2
08/09/06 18:00,25.2
08/09/06 19:00,0.0
08/09/06 20:00,0.0
08/09/06 21:00,0.0
08/09/06 22:00,0.0
08/09/06 23:00,0.0
08/10/06 00:00,0.0
08/10/06 01:00,0.0
08/10/06 02:00,0.0
08/10/06 03:00,0.0
08/10/06 04:00,0.0
08/10/06 05:00,0.0
08/10/06 06:00,43.8
08/10/06 07:00,64.6
08/10/06 08:00,64.7
08/10/06 09:00,63.0
08/10/06 10:00,56.1
08/10/06 11:00,59.8
08/10/06 12:00,55.0
08/10/06 13:00,63.5
08/10/06 14:00,66.8
08/10/06 15:00,62.3
08/10/06 16:00,58.6
08/10/06 17:00,41.3
08/10/06 18:00,25.5
08/10/06 19:00,0.0
08/10/06 20:00,0.0
08/10/06 21:00,0.0
08/10/06 22:00,0.0
08/10/06 23:00,0.0
08/11/06 00:00,0.0
08/11/06 01:00,0.0
08/11/06 02:00,0.0
08/11/06 03:00,0.0
08/11/06 04:00,0.0
08/11/06 05:00,0.0
08/11/06 06:00,40.4
08/11/06 07:00,59.5
08/11/06 08:00,66.5
08/11/06 09:00,69.2
08/11/06 10:00,71.2
08/11/06 11:00,70.2
08/11/06 12:00,46.0
08/11/06 13:00,36.2
08/11/06 14:00,37.0
08/11/06 15:00,28.1
08/11/06 16:00,37.2
08/11/06 17:00,41.3
08/11/06 18:00,23.2
08/11/06 19:00,0.0
08/11/06 20:00,0.0
08/11/06 21:00,0.0
08/11/06 22:00,0.0
08/11/06 23:00,0.0
08/12/06 00:00,0.0
08/12/06 01:00,0.0
08/12/06 02:00,0.0
08/12/06 03:00,0.0
08/12/06 04:00,0.0
08/12/06 05:00,0.0
08/12/06 06:00,42.6
08/12/06 07:00,53.2
08/12/06 08:00,49.8
08/12/06 09:00,21.3
08/12/06 10:00,12.1
08/12/06 11:00,27.6
08/12/06 12:00,21.0
08/12/06 13:00,55.5
08/12/06 14:00,46.5
08/12/06 15:00,45.0
08/12/06 16:00,12.9
08/12/06 17:00,33.2
08/12/06 18:00,18.8
08/12/06 19:00,0.0
08/12/06 20:00,0.0
08/12/06 21:00,0.0
08/12/06 22:00,0.0
08/12/06 23:00,0.0
08/13/06 00:00,0.0
08/13/06 01:00,0.0
08/13/06 02:00,0.0
08/13/06 03:00,0.0
08/13/06 04:00,0.0
08/13/06 05:00,0.0
08/13/06 06:00,0.0
08/13/06 07:00,0.0
08/13/06 08:00,0.1
08/13/06 09:00,0.9
08/13/06 10:00,2.1
08/13/06 11:00,3.5
08/13/06 12:00,19.2
08/13/06 13:00,50.4
08/13/06 14:00,65.4
08/13/06 15:00,53.2
08/13/06 16:00,44.1
08/13/06 17:00,40.4
08/13/06 18:00,26.0
08/13/06 19:00,0.0
08/13/06 20:00,0.0
08/13/06 21:00,0.0
08/13/06 22:00,0.0
08/13/06 23:00,0.0
08/14/06 00:00,0.0
08/14/06 01:00,0.0
08/14/06 02:00,0.0
08/14/06 03:00,0.0
08/14/06 04:00,0.0
08/14/06 05:00,0.0
08/14/06 06:00,42.1
08/14/06 07:00,57.3
08/14/06 08:00,54.9
08/14/06 09:00,56.2
08/14/06 10:00,55.6
08/14/06 11:00,48.7
08/14/06 12:00,73.0
08/14/06 13:00,44.9
08/14/06 14:00,66.2
08/14/06 15:00,62.3
08/14/06 16:00,18.4
08/14/06 17:00,25.6
08/14/06 18:00,18.7
08/14/06 19:00,0.0
08/14/06 20:00,0.0
08/14/06 21:00,0.0
08/14/06 22:00,0.0
08/14/06 23:00,0.0
08/15/06 00:00,0.0
08/15/06 01:00,0.0
08/15/06 02:00,0.0
08/15/06 03:00,0.0
08/15/06 04:00,0.0
08/15/06 05:00,0.0
08/15/06 06:00,42.7
08/15/06 07:00,63.2
08/15/06 08:00,69.3
08/15/06 09:00,64.6
08/15/06 10:00,59.9
08/15/06 11:00,72.1
08/15/06 12:00,60.1
08/15/06 13:00,62.0
08/15/06 14:00,34.1
08/15/06 15:00,31.7
08/15/06 16:00,27.8
08/15/06 17:00,38.7
08/15/06 18:00,19.7
08/15/06 19:00,0.0
08/15/06 20:00,0.0
08/15/06 21:00,0.0
08/15/06 22:00,0.0
08/15/06 23:00,0.0
08/16/06 00:00,0.0
08/16/06 01:00,0.0
08/16/06 02:00,0.0
08/16/06 03:00,0.0
08/16/06 04:00,0.0
08/16/06 05:00,0.0
08/16/06 06:00,0.1
08/16/06 07:00,40.1
08/16/06 08:00,62.3
08/16/06 09:00,60.2
08/16/06 10:00,60.2
08/16/06 11:00,62.6
08/16/06 12:00,50.4
08/16/06 13:00,44.1
08/16/06 14:00,59.2
08/16/06 15:00,62.4
08/16/06 16:00,52.4
08/16/06 17:00,35.3
08/16/06 18:00,19.1
08/16/06 19:00,0.0
08/16/06 20:00,0.0
08/16/06 21:00,0.0
08/16/06 22:00,0.0
08/16/06 23:00,0.0
08/17/06 00:00,0.0
08/17/06 01:00,0.0
08/17/06 02:00,0.0
08/17/06 03:00,0.0
08/17/06 04:00,0.0
08/17/06 05:00,0.0
08/17/06 06:00,37.6
08/17/06 07:00,56.6
08/17/06 08:00,63.1
08/17/06 09:00,68.6
08/17/06 10:00,67.3
08/17/06 11:00,69.0
08/17/06 12:00,60.0
08/17/06 13:00,42.8
08/17/06 14:00,39.1
08/17/06 15:00,35.2
08/17/06 16:00,44.4
08/17/06 17:00,11.1
08/17/06 18:00,7.9
08/17/06 19:00,0.0
08/17/06 20:00,0.0
08/17/06 21:00,0.0
08/17/06 22:00,0.0
08/17/06 23:00,0.0
08/18/06 00:00,0.0
08/18/06 01:00,0.0
08/18/06 02:00,0.0
08/18/06 03:00,0.0
08/18/06 04:00,0.0
08/18/06 05:00,0.0
08/18/06 06:00,36.8
08/18/06 07:00,0.8
08/18/06 08:00,13.4
08/18/06 09:00,12.0
08/18/06 10:00,11.2
08/18/06 11:00,13.1
08/18/06 12:00,19.1
08/18/06 13:00,18.6
08/18/06 14:00,22.1
08/18/06 15:00,15.7
08/18/06 16:00,20.8
08/18/06 17:00,25.6
08/18/06 18:00,18.8
08/18/06 19:00,0.0
08/18/06 20:00,0.0
08/18/06 21:00,0.0
08/18/06 22:00,0.0
08/18/06 23:00,0.0
08/19/06 00:00,0.0
08/19/06 01:00,0.0
08/19/06 02:00,0.0
08/19/06 03:00,0.0
08/19/06 04:00,0.0
08/19/06 05:00,0.0
08/19/06 06:00,38.3
08/19/06 07:00,62.7
08/19/06 08:00,66.8
08/19/06 09:00,58.5
08/19/06 10:00,58.6
08/19/06 11:00,57.8
08/19/06 12:00,58.6
08/19/06 13:00,65.7
08/19/06 14:00,71.4
08/19/06 15:00,65.5
08/19/06 16:00,60.3
08/19/06 17:00,41.7
08/19/06 18:00,18.2
08/19/06 19:00,0.0
08/19/06 20:00,0.0
08/19/06 21:00,0.0
08/19/06 22:00,0.0
08/19/06 23:00,0.0
08/20/06 00:00,0.0
08/20/06 01:00,0.0
08/20/06 02:00,0.0
08/20/06 03:00,0.0
08/20/06 04:00,0.0
08/20/06 05:00,0.0
08/20/06 06:00,33.5
08/20/06 07:00,59.7
08/20/06 08:00,66.8
08/20/06 09:00,64.0
08/20/06 10:00,63.6
08/20/06 11:00,64.9
08/20/06 12:00,63.5
08/20/06 13:00,70.9
08/20/06 14:00,41.7
08/20/06 15:00,44.9
08/20/06 16:00,29.4
08/20/06 17:00,0.0
08/20/06 18:00,0.0
08/20/06 19:00,0.0
08/20/06 20:00,0.0
08/20/06 21:00,0.0
08/20/06 22:00,0.0
08/20/06 23:00,0.0
08/21/06 00:00,0.0
08/21/06 01:00,0.0
08/21/06 02:00,0.0
08/21/06 03:00,0.0
08/21/06 04:00,0.0
08/21/06 05:00,0.0
08/21/06 06:00,37.0
08/21/06 07:00,54.6
08/21/06 08:00,62.0
08/21/06 09:00,59.8
08/21/06 10:00,65.4
08/21/06 11:00,70.3
08/21/06 12:00,58.7
08/21/06 13:00,48.0
08/21/06 14:00,41.9
08/21/06 15:00,29.4
08/21/06 16:00,25.6
08/21/06 17:00,26.2
08/21/06 18:00,0.0
08/21/06 19:00,0.0
08/21/06 20:00,0.0
08/21/06 21:00,0.0
08/21/06 22:00,0.0
08/21/06 23:00,0.0
08/22/06 00:00,0.0
08/22/06 01:00,0.0
08/22/06 02:00,0.0
08/22/06 03:00,0.0
08/22/06 04:00,0.0
08/22/06 05:00,0.0
08/22/06 06:00,32.5
08/22/06 07:00,61.2
08/22/06 08:00,66.0
08/22/06 09:00,70.9
08/22/06 10:00,69.6
08/22/06 11:00,68.0
08/22/06 12:00,71.4
08/22/06 13:00,72.5
08/22/06 14:00,70.2
08/22/06 15:00,67.8
08/22/06 16:00,59.0
08/22/06 17:00,43.6
08/22/06 18:00,16.2
08/22/06 19:00,0.0
08/22/06 20:00,0.0
08/22/06 21:00,0.0
08/22/06 22:00,0.0
08/22/06 23:00,0.0
08/23/06 00:00,0.0
08/23/06 01:00,0.0
08/23/06 02:00,0.0
08/23/06 03:00,0.0
08/23/06 04:00,0.0
08/23/06 05:00,0.0
08/23/06 06:00,33.7
08/23/06 07:00,48.0
08/23/06 08:00,64.6
08/23/06 09:00,72.3
08/23/06 10:00,60.3
08/23/06 11:00,58.4
08/23/06 12:00,54.8
08/23/06 13:00,60.9
08/23/06 14:00,61.9
08/23/06 15:00,59.4
08/23/06 16:00,62.1
08/23/06 17:00,44.1
08/23/06 18:00,19.5
08/23/06 19:00,0.0
08/23/06 20:00,0.0
08/23/06 21:00,0.0
08/23/06 22:00,0.0
08/23/06 23:00,0.0
08/24/06 00:00,0.0
08/24/06 01:00,0.0
08/24/06 02:00,0.0
08/24/06 03:00,0.0
08/24/06 04:00,0.0
08/24/06 05:00,0.0
08/24/06 06:00,0.4
08/24/06 07:00,21.2
08/24/06 08:00,31.8
08/24/06 09:00,20.7
08/24/06 10:00,47.3
08/24/06 11:00,61.3
08/24/06 12:00,56.5
08/24/06 13:00,67.6
08/24/06 14:00,68.8
08/24/06 15:00,52.7
08/24/06 16:00,41.3
08/24/06 17:00,28.8
08/24/06 18:00,16.2
08/24/06 19:00,0.0
08/24/06 20:00,0.0
08/24/06 21:00,0.0
08/24/06 22:00,0.0
08/24/06 23:00,0.0
08/25/06 00:00,0.0
08/25/06 01:00,0.0
08/25/06 02:00,0.0
08/25/06 03:00,0.0
08/25/06 04:00,0.0
08/25/06 05:00,0.0
08/25/06 06:00,29.7
08/25/06 07:00,46.1
08/25/06 08:00,50.2
08/25/06 09:00,53.9
08/25/06 10:00,33.1
08/25/06 11:00,33.8
08/25/06 12:00,18.2
08/25/06 13:00,7.8
08/25/06 14:00,54.5
08/25/06 15:00,49.1
08/25/06 16:00,28.0
08/25/06 17:00,24.7
08/25/06 18:00,0.0
08/25/06 19:00,0.0
08/25/06 20:00,0.0
08/25/06 21:00,0.0
08/25/06 22:00,0.0
08/25/06 23:00,0.0
08/26/06 00:00,0.0
08/26/06 01:00,0.0
08/26/06 02:00,0.0
08/26/06 03:00,0.0
08/26/06 04:00,0.0
08/26/06 05:00,0.0
08/26/06 06:00,0.0
08/26/06 07:00,0.1
08/26/06 08:00,0.6
08/26/06 09:00,2.0
08/26/06 10:00,10.8
08/26/06 11:00,0.9
08/26/06 12:00,14.5
08/26/06 13:00,52.5
08/26/06 14:00,46.3
08/26/06 15:00,34.3
08/26/06 16:00,40.3
08/26/06 17:00,24.8
08/26/06 18:00,12.5
08/26/06 19:00,0.0
08/26/06 20:00,0.0
08/26/06 21:00,0.0
08/26/06 22:00,0.0
08/26/06 23:00,0.0
08/27/06 00:00,0.0
08/27/06 01:00,0.0
08/27/06 02:00,0.0
08/27/06 03:00,0.0
08/27/06 04:00,0.0
08/27/06 05:00,0.0
08/27/06 06:00,0.0
08/27/06 07:00,1.4
08/27/06 08:00,18.7
08/27/06 09:00,55.2
08/27/06 10:00,51.1
08/27/06 11:00,49.6
08/27/06 12:00,50.8
08/27/06 13:00,25.6
08/27/06 14:00,43.9
08/27/06 15:00,25.5
08/27/06 16:00,10.7
08/27/06 17:00,0.0
08/27/06 18:00,0.0
08/27/06 19:00,0.0
08/27/06 20:00,0.0
08/27/06 21:00,0.0
08/27/06 22:00,0.0
08/27/06 23:00,0.0
08/28/06 00:00,0.0
08/28/06 01:00,0.0
08/28/06 02:00,0.0
08/28/06 03:00,0.0
08/28/06 04:00,0.0
08/28/06 05:00,0.0
08/28/06 06:00,4.8
08/28/06 07:00,22.4
08/28/06 08:00,54.5
08/28/06 09:00,52.8
08/28/06 10:00,55.2
08/28/06 11:00,55.3
08/28/06 12:00,58.4
08/28/06 13:00,63.7
08/28/06 14:00,54.3
08/28/06 15:00,44.4
08/28/06 16:00,55.2
08/28/06 17:00,44.7
08/28/06 18:00,0.0
08/28/06 19:00,0.0
08/28/06 20:00,0.0
08/28/06 21:00,0.0
08/28/06 22:00,0.0
08/28/06 23:00,0.0
08/29/06 00:00,0.0
08/29/06 01:00,0.0
08/29/06 02:00,0.0
08/29/06 03:00,0.0
08/29/06 04:00,0.0
08/29/06 05:00,0.0
08/29/06 06:00,28.8
08/29/06 07:00,55.1
08/29/06 08:00,69.5
08/29/06 09:00,74.8
08/29/06 10:00,72.4
08/29/06 11:00,68.9
08/29/06 12:00,67.6
08/29/06 13:00,67.9
08/29/06 14:00,67.4
08/29/06 15:00,63.5
08/29/06 16:00,57.7
08/29/06 17:00,42.3
08/29/06 18:00,0.0
08/29/06 19:00,0.0
08/29/06 20:00,0.0
08/29/06 21:00,0.0
08/29/06 22:00,0.0
08/29/06 23:00,0.0
08/30/06 00:00,0.0
08/30/06 01:00,0.0
08/30/06 02:00,0.0
08/30/06 03:00,0.0
08/30/06 04:00,0.0
08/30/06 05:00,0.0
08/30/06 06:00,28.6
08/30/06 07:00,56.3
08/30/06 08:00,66.4
08/30/06 09:00,70.2
08/30/06 10:00,56.1
08/30/06 11:00,55.2
08/30/06 12:00,56.4
08/30/06 13:00,62.2
08/30/06 14:00,59.7
08/30/06 15:00,51.0
08/30/06 16:00,48.0
08/30/06 17:00,19.5
08/30/06 18:00,0.0
08/30/06 19:00,0.0
08/30/06 20:00,0.0
08/30/06 21:00,0.0
08/30/06 22:00,0.0
08/30/06 23:00,0.0
08/31/06 00:00,0.0
08/31/06 01:00,0.0
08/31/06 02:00,0.0
08/31/06 03:00,0.0
08/31/06 04:00,0.0
08/31/06 05:00,0.0
08/31/06 06:00,21.2
08/31/06 07:00,22.1
08/31/06 08:00,0.9
08/31/06 09:00,62.5
08/31/06 10:00,53.7
08/31/06 11:00,54.9
08/31/06 12:00,54.3
08/31/06 13:00,52.6
08/31/06 14:00,26.6
08/31/06 15:00,49.6
08/31/06 16:00,47.3
08/31/06 17:00,28.6
08/31/06 18:00,0.0
08/31/06 19:00,0.0
08/31/06 20:00,0.0
08/31/06 21:00,0.0
08/31/06 22:00,0.0
08/31/06 23:00,0.0
09/01/06 00:00,0.0
09/01/06 01:00,0.0
09/01/06 02:00,0.0
09/01/06 03:00,0.0
09/01/06 04:00,0.0
09/01/06 05:00,0.0
09/01/06 06:00,0.0
09/01/06 07:00,0.0
09/01/06 08:00,0.2
09/01/06 09:00,0.5
09/01/06 10:00,1.8
09/01/06 11:00,6.5
09/01/06 12:00,21.5
09/01/06 13:00,4.0
09/01/06 14:00,1.7
09/01/06 15:00,1.3
09/01/06 16:00,30.3
09/01/06 17:00,31.9
09/01/06 18:00,0.0
09/01/06 19:00,0.0
09/01/06 20:00,0.0
09/01/06 21:00,0.0
09/01/06 22:00,0.0
09/01/06 23:00,0.0
09/02/06 00:00,0.0
09/02/06 01:00,0.0
09/02/06 02:00,0.0
09/02/06 03:00,0.0
09/02/06 04:00,0.0
09/02/06 05:00,0.0
09/02/06 06:00,26.8
09/02/06 07:00,55.6
09/02/06 08:00,66.9
09/02/06 09:00,66.5
09/02/06 10:00,70.6
09/02/06 11:00,49.9
09/02/06 12:00,42.6
09/02/06 13:00,39.8
09/02/06 14:00,40.1
09/02/06 15:00,55.9
09/02/06 16:00,54.0
09/02/06 17:00,29.0
09/02/06 18:00,0.0
09/02/06 19:00,0.0
09/02/06 20:00,0.0
09/02/06 21:00,0.0
09/02/06 22:00,0.0
09/02/06 23:00,0.0
09/03/06 00:00,0.0
09/03/06 01:00,0.0
09/03/06 02:00,0.0
09/03/06 03:00,0.0
09/03/06 04:00,0.0
09/03/06 05:00,0.0
09/03/06 06:00,26.5
09/03/06 07:00,55.5
09/03/06 08:00,59.8
09/03/06 09:00,62.7
09/03/06 10:00,57.0
09/03/06 11:00,51.1
09/03/06 12:00,54.8
09/03/06 13:00,42.3
09/03/06 14:00,47.1
09/03/06 15:00,33.5
09/03/06 16:00,34.9
09/03/06 17:00,17.7
09/03/06 18:00,0.0
09/03/06 19:00,0.0
09/03/06 20:00,0.0
09/03/06 21:00,0.0
09/03/06 22:00,0.0
09/03/06 23:00,0.0
09/04/06 00:00,0.0
09/04/06 01:00,0.0
09/04/06 02:00,0.0
09/04/06 03:00,0.0
09/04/06 04:00,0.0
09/04/06 05:00,0.0
09/04/06 06:00,26.7
09/04/06 07:00,54.6
09/04/06 08:00,63.1
09/04/06 09:00,69.8
09/04/06 10:00,70.6
09/04/06 11:00,66.6
09/04/06 12:00,56.8
09/04/06 13:00,72.7
09/04/06 14:00,70.1
09/04/06 15:00,67.7
09/04/06 16:00,64.1
09/04/06 17:00,40.8
09/04/06 18:00,0.0
09/04/06 19:00,0.0
09/04/06 20:00,0.0
09/04/06 21:00,0.0
09/04/06 22:00,0.0
09/04/06 23:00,0.0
09/05/06 00:00,0.0
09/05/06 01:00,0.0
09/05/06 02:00,0.0
09/05/06 03:00,0.0
09/05/06 04:00,0.0
09/05/06 05:00,0.0
09/05/06 06:00,24.9
09/05/06 07:00,54.2
09/05/06 08:00,66.5
09/05/06 09:00,60.8
09/05/06 10:00,57.6
09/05/06 11:00,67.4
09/05/06 12:00,68.6
09/05/06 13:00,69.2
09/05/06 14:00,66.6
09/05/06 15:00,65.2
09/05/06 16:00,57.7
09/05/06 17:00,35.2
09/05/06 18:00,0.0
09/05/06 19:00,0.0
09/05/06 20:00,0.0
09/05/06 21:00,0.0
09/05/06 22:00,0.0
09/05/06 23:00,0.0
09/06/06 00:00,0.0
09/06/06 01:00,0.0
09/06/06 02:00,0.0
09/06/06 03:00,0.0
09/06/06 04:00,0.0
09/06/06 05:00,0.0
09/06/06 06:00,23.8
09/06/06 07:00,55.2
09/06/06 08:00,64.2
09/06/06 09:00,67.4
09/06/06 10:00,61.4
09/06/06 11:00,66.4
09/06/06 12:00,61.3
09/06/06 13:00,65.8
09/06/06 14:00,44.4
09/06/06 15:00,54.0
09/06/06 16:00,30.5
09/06/06 17:00,23.9
09/06/06 18:00,0.0
09/06/06 19:00,0.0
09/06/06 20:00,0.0
09/06/06 21:00,0.0
09/06/06 22:00,0.0
09/06/06 23:00,0.0
09/07/06 00:00,0.0
09/07/06 01:00,0.0
09/07/06 02:00,0.0
09/07/06 03:00,0.0
09/07/06 04:00,0.0
09/07/06 05:00,0.0
09/07/06 06:00,21.9
09/07/06 07:00,52.0
09/07/06 08:00,57.7
09/07/06 09:00,62.5
09/07/06 10:00,60.9
09/07/06 11:00,61.5
09/07/06 12:00,60.1
09/07/06 13:00,70.2
09/07/06 14:00,61.3
09/07/06 15:00,47.6
09/07/06 16:00,44.8
09/07/06 17:00,29.0
09/07/06 18:00,0.0
09/07/06 19:00,0.0
09/07/06 20:00,0.0
09/07/06 21:00,0.0
09/07/06 22:00,0.0
09/07/06 23:00,0.0
09/08/06 00:00,0.0
09/08/06 01:00,0.0
09/08/06 02:00,0.0
09/08/06 03:00,0.0
09/08/06 04:00,0.0
09/08/06 05:00,0.0
09/08/06 06:00,22.4
09/08/06 07:00,50.7
09/08/06 08:00,61.1
09/08/06 09:00,65.2
09/08/06 10:00,64.3
09/08/06 11:00,62.7
09/08/06 12:00,66.8
09/08/06 13:00,61.5
09/08/06 14:00,52.6
09/08/06 15:00,54.4
09/08/06 16:00,41.7
09/08/06 17:00,24.2
09/08/06 18:00,0.0
09/08/06 19:00,0.0
09/08/06 20:00,0.0
09/08/06 21:00,0.0
09/08/06 22:00,0.0
09/08/06 23:00,0.0
09/09/06 00:00,0.0
09/09/06 01:00,0.0
09/09/06 02:00,0.0
09/09/06 03:00,0.0
09/09/06 04:00,0.0
09/09/06 05:00,0.0
09/09/06 06:00,2.1
09/09/06 07:00,25.6
09/09/06 08:00,10.7
09/09/06 09:00,13.9
09/09/06 10:00,37.3
09/09/06 11:00,36.9
09/09/06 12:00,21.8
09/09/06 13:00,51.3
09/09/06 14:00,34.8
09/09/06 15:00,43.1
09/09/06 16:00,30.9
09/09/06 17:00,24.2
09/09/06 18:00,0.0
09/09/06 19:00,0.0
09/09/06 20:00,0.0
09/09/06 21:00,0.0
09/09/06 22:00,0.0
09/09/06 23:00,0.0
09/10/06 00:00,0.0
09/10/06 01:00,0.0
09/10/06 02:00,0.0
09/10/06 03:00,0.0
09/10/06 04:00,0.0
09/10/06 05:00,0.0
09/10/06 06:00,4.1
09/10/06 07:00,29.5
09/10/06 08:00,54.3
09/10/06 09:00,51.0
09/10/06 10:00,55.2
09/10/06 11:00,65.1
09/10/06 12:00,62.6
09/10/06 13:00,48.1
09/10/06 14:00,39.8
09/10/06 15:00,34.9
09/10/06 16:00,43.8
09/10/06 17:00,27.7
09/10/06 18:00,0.0
09/10/06 19:00,0.0
09/10/06 20:00,0.0
09/10/06 21:00,0.0
09/10/06 22:00,0.0
09/10/06 23:00,0.0
09/11/06 00:00,0.0
09/11/06 01:00,0.0
09/11/06 02:00,0.0
09/11/06 03:00,0.0
09/11/06 04:00,0.0
09/11/06 05:00,0.0
09/11/06 06:00,18.1
09/11/06 07:00,55.4
09/11/06 08:00,60.7
09/11/06 09:00,62.1
09/11/06 10:00,54.9
09/11/06 11:00,58.5
09/11/06 12:00,61.7
09/11/06 13:00,68.7
09/11/06 14:00,63.6
09/11/06 15:00,36.5
09/11/06 16:00,39.3
09/11/06 17:00,25.2
09/11/06 18:00,0.0
09/11/06 19:00,0.0
09/11/06 20:00,0.0
09/11/06 21:00,0.0
09/11/06 22:00,0.0
09/11/06 23:00,0.0
09/12/06 00:00,0.0
09/12/06 01:00,0.0
09/12/06 02:00,0.0
09/12/06 03:00,0.0
09/12/06 04:00,0.0
09/12/06 05:00,0.0
09/12/06 06:00,17.4
09/12/06 07:00,53.9
09/12/06 08:00,57.6
09/12/06 09:00,57.7
09/12/06 10:00,50.8
09/12/06 11:00,56.9
09/12/06 12:00,58.8
09/12/06 13:00,68.8
09/12/06 14:00,66.7
09/12/06 15:00,62.0
09/12/06 16:00,61.2
09/12/06 17:00,35.3
09/12/06 18:00,0.0
09/12/06 19:00,0.0
09/12/06 20:00,0.0
09/12/06 21:00,0.0
09/12/06 22:00,0.0
09/12/06 23:00,0.0
09/13/06 00:00,0.0
09/13/06 01:00,0.0
09/13/06 02:00,0.0
09/13/06 03:00,0.0
09/13/06 04:00,0.0
09/13/06 05:00,0.0
09/13/06 06:00,16.7
09/13/06 07:00,49.8
09/13/06 08:00,61.5
09/13/06 09:00,65.2
09/13/06 10:00,65.2
09/13/06 11:00,65.9
09/13/06 12:00,66.4
09/13/06 13:00,68.3
09/13/06 14:00,68.4
09/13/06 15:00,64.5
09/13/06 16:00,46.3
09/13/06 17:00,30.9
09/13/06 18:00,0.0
09/13/06 19:00,0.0
09/13/06 20:00,0.0
09/13/06 21:00,0.0
09/13/06 22:00,0.0
09/13/06 23:00,0.0
09/14/06 00:00,0.0
09/14/06 01:00,0.0
09/14/06 02:00,0.0
09/14/06 03:00,0.0
09/14/06 04:00,0.0
09/14/06 05:00,0.0
09/14/06 06:00,0.0
09/14/06 07:00,24.6
09/14/06 08:00,32.7
09/14/06 09:00,44.6
09/14/06 10:00,52.9
09/14/06 11:00,56.0
09/14/06 12:00,55.2
09/14/06 13:00,49.5
09/14/06 14:00,65.1
09/14/06 15:00,55.2
09/14/06 16:00,59.1
09/14/06 17:00,30.5
09/14/06 18:00,0.0
09/14/06 19:00,0.0
09/14/06 20:00,0.0
09/14/06 21:00,0.0
09/14/06 22:00,0.0
09/14/06 23:00,0.0
09/15/06 00:00,0.0
09/15/06 01:00,0.0
09/15/06 02:00,0.0
09/15/06 03:00,0.0
09/15/06 04:00,0.0
09/15/06 05:00,0.0
09/15/06 06:00,10.5
09/15/06 07:00,21.0
09/15/06 08:00,53.4
09/15/06 09:00,45.1
09/15/06 10:00,33.8
09/15/06 11:00,49.0
09/15/06 12:00,49.0
09/15/06 13:00,60.6
09/15/06 14:00,70.3
09/15/06 15:00,51.9
09/15/06 16:00,41.4
09/15/06 17:00,22.9
09/15/06 18:00,0.0
09/15/06 19:00,0.0
09/15/06 20:00,0.0
09/15/06 21:00,0.0
09/15/06 22:00,0.0
09/15/06 23:00,0.0
09/16/06 00:00,0.0
09/16/06 01:00,0.0
09/16/06 02:00,0.0
09/16/06 03:00,0.0
09/16/06 04:00,0.0
09/16/06 05:00,0.0
09/16/06 06:00,13.2
09/16/06 07:00,51.9
09/16/06 08:00,61.5
09/16/06 09:00,52.1
09/16/06 10:00,49.9
09/16/06 11:00,47.2
09/16/06 12:00,56.8
09/16/06 13:00,43.9
09/16/06 14:00,30.6
09/16/06 15:00,27.0
09/16/06 16:00,28.9
09/16/06 17:00,19.5
09/16/06 18:00,0.0
09/16/06 19:00,0.0
09/16/06 20:00,0.0
09/16/06 21:00,0.0
09/16/06 22:00,0.0
09/16/06 23:00,0.0
09/17/06 00:00,0.0
09/17/06 01:00,0.0
09/17/06 02:00,0.0
09/17/06 03:00,0.0
09/17/06 04:00,0.0
09/17/06 05:00,0.0
09/17/06 06:00,11.4
09/17/06 07:00,54.1
09/17/06 08:00,66.3
09/17/06 09:00,72.7
09/17/06 10:00,54.6
09/17/06 11:00,44.5
09/17/06 12:00,69.0
09/17/06 13:00,58.2
09/17/06 14:00,54.9
09/17/06 15:00,35.5
09/17/06 16:00,13.2
09/17/06 17:00,19.8
09/17/06 18:00,0.0
09/17/06 19:00,0.0
09/17/06 20:00,0.0
09/17/06 21:00,0.0
09/17/06 22:00,0.0
09/17/06 23:00,0.0
09/18/06 00:00,0.0
09/18/06 01:00,0.0
09/18/06 02:00,0.0
09/18/06 03:00,0.0
09/18/06 04:00,0.0
09/18/06 05:00,0.0
09/18/06 06:00,0.2
09/18/06 07:00,12.5
09/18/06 08:00,56.9
09/18/06 09:00,52.6
09/18/06 10:00,52.1
09/18/06 11:00,54.5
09/18/06 12:00,52.4
09/18/06 13:00,39.0
09/18/06 14:00,43.5
09/18/06 15:00,58.1
09/18/06 16:00,47.5
09/18/06 17:00,27.2
09/18/06 18:00,0.0
09/18/06 19:00,0.0
09/18/06 20:00,0.0
09/18/06 21:00,0.0
09/18/06 22:00,0.0
09/18/06 23:00,0.0
09/19/06 00:00,0.0
09/19/06 01:00,0.0
09/19/06 02:00,0.0
09/19/06 03:00,0.0
09/19/06 04:00,0.0
09/19/06 05:00,0.0
09/19/06 06:00,5.0
09/19/06 07:00,49.1
09/19/06 08:00,55.0
09/19/06 09:00,55.7
09/19/06 10:00,50.6
09/19/06 11:00,52.2
09/19/06 12:00,57.3
09/19/06 13:00,65.8
09/19/06 14:00,70.1
09/19/06 15:00,64.1
09/19/06 16:00,39.4
09/19/06 17:00,24.9
09/19/06 18:00,0.0
09/19/06 19:00,0.0
09/19/06 20:00,0.0
09/19/06 21:00,0.0
09/19/06 22:00,0.0
09/19/06 23:00,0.0
09/20/06 00:00,0.0
09/20/06 01:00,0.0
09/20/06 02:00,0.0
09/20/06 03:00,0.0
09/20/06 04:00,0.0
09/20/06 05:00,0.0
09/20/06 06:00,2.7
09/20/06 07:00,54.1
09/20/06 08:00,63.4
09/20/06 09:00,51.1
09/20/06 10:00,52.8
09/20/06 11:00,63.5
09/20/06 12:00,65.3
09/20/06 13:00,56.1
09/20/06 14:00,41.1
09/20/06 15:00,32.1
09/20/06 16:00,29.2
09/20/06 17:00,18.1
09/20/06 18:00,0.0
09/20/06 19:00,0.0
09/20/06 20:00,0.0
09/20/06 21:00,0.0
09/20/06 22:00,0.0
09/20/06 23:00,0.0
09/21/06 00:00,0.0
09/21/06 01:00,0.0
09/21/06 02:00,0.0
09/21/06 03:00,0.0
09/21/06 04:00,0.0
09/21/06 05:00,0.0
09/21/06 06:00,0.0
09/21/06 07:00,2.2
09/21/06 08:00,9.2
09/21/06 09:00,10.7
09/21/06 10:00,30.1
09/21/06 11:00,16.9
09/21/06 12:00,11.9
09/21/06 13:00,11.9
09/21/06 14:00,0.5
09/21/06 15:00,0.2
09/21/06 16:00,0.1
09/21/06 17:00,0.3
09/21/06 18:00,0.0
09/21/06 19:00,0.0
09/21/06 20:00,0.0
09/21/06 21:00,0.0
09/21/06 22:00,0.0
09/21/06 23:00,0.0
09/22/06 00:00,0.0
09/22/06 01:00,0.0
09/22/06 02:00,0.0
09/22/06 03:00,0.0
09/22/06 04:00,0.0
09/22/06 05:00,0.0
09/22/06 06:00,0.0
09/22/06 07:00,0.0
09/22/06 08:00,0.7
09/22/06 09:00,3.7
09/22/06 10:00,13.8
09/22/06 11:00,17.1
09/22/06 12:00,21.0
09/22/06 13:00,15.7
09/22/06 14:00,14.5
09/22/06 15:00,0.6
09/22/06 16:00,0.0
09/22/06 17:00,0.1
09/22/06 18:00,0.0
09/22/06 19:00,0.0
09/22/06 20:00,0.0
09/22/06 21:00,0.0
09/22/06 22:00,0.0
09/22/06 23:00,0.0
09/23/06 00:00,0.0
09/23/06 01:00,0.0
09/23/06 02:00,0.0
09/23/06 03:00,0.0
09/23/06 04:00,0.0
09/23/06 05:00,0.0
09/23/06 06:00,0.0
09/23/06 07:00,0.0
09/23/06 08:00,0.2
09/23/06 09:00,0.5
09/23/06 10:00,2.5
09/23/06 11:00,12.8
09/23/06 12:00,10.8
09/23/06 13:00,12.2
09/23/06 14:00,26.5
09/23/06 15:00,48.2
09/23/06 16:00,26.1
09/23/06 17:00,18.8
09/23/06 18:00,0.0
09/23/06 19:00,0.0
09/23/06 20:00,0.0
09/23/06 21:00,0.0
09/23/06 22:00,0.0
09/23/06 23:00,0.0
09/24/06 00:00,0.0
09/24/06 01:00,0.0
09/24/06 02:00,0.0
09/24/06 03:00,0.0
09/24/06 04:00,0.0
09/24/06 05:00,0.0
09/24/06 06:00,0.0
09/24/06 07:00,48.5
09/24/06 08:00,66.3
09/24/06 09:00,56.7
09/24/06 10:00,65.5
09/24/06 11:00,59.1
09/24/06 12:00,67.4
09/24/06 13:00,63.7
09/24/06 14:00,71.5
09/24/06 15:00,70.6
09/24/06 16:00,59.8
09/24/06 17:00,17.6
09/24/06 18:00,0.0
09/24/06 19:00,0.0
09/24/06 20:00,0.0
09/24/06 21:00,0.0
09/24/06 22:00,0.0
09/24/06 23:00,0.0
09/25/06 00:00,0.0
09/25/06 01:00,0.0
09/25/06 02:00,0.0
09/25/06 03:00,0.0
09/25/06 04:00,0.0
09/25/06 05:00,0.0
09/25/06 06:00,0.0
09/25/06 07:00,46.0
09/25/06 08:00,63.3
09/25/06 09:00,59.7
09/25/06 10:00,59.3
09/25/06 11:00,58.7
09/25/06 12:00,62.8
09/25/06 13:00,65.7
09/25/06 14:00,71.2
09/25/06 15:00,64.9
09/25/06 16:00,57.0
09/25/06 17:00,19.6
09/25/06 18:00,0.0
09/25/06 19:00,0.0
09/25/06 20:00,0.0
09/25/06 21:00,0.0
09/25/06 22:00,0.0
09/25/06 23:00,0.0
09/26/06 00:00,0.0
09/26/06 01:00,0.0
09/26/06 02:00,0.0
09/26/06 03:00,0.0
09/26/06 04:00,0.0
09/26/06 05:00,0.0
09/26/06 06:00,0.0
09/26/06 07:00,46.9
09/26/06 08:00,61.2
09/26/06 09:00,65.8
09/26/06 10:00,62.1
09/26/06 11:00,63.1
09/26/06 12:00,48.5
09/26/06 13:00,50.6
09/26/06 14:00,44.0
09/26/06 15:00,39.6
09/26/06 16:00,36.0
09/26/06 17:00,0.2
09/26/06 18:00,0.0
09/26/06 19:00,0.0
09/26/06 20:00,0.0
09/26/06 21:00,0.0
09/26/06 22:00,0.0
09/26/06 23:00,0.0
09/27/06 00:00,0.0
09/27/06 01:00,0.0
09/27/06 02:00,0.0
09/27/06 03:00,0.0
09/27/06 04:00,0.0
09/27/06 05:00,0.0
09/27/06 06:00,0.0
09/27/06 07:00,8.4
09/27/06 08:00,11.0
09/27/06 09:00,16.4
09/27/06 10:00,37.8
09/27/06 11:00,53.8
09/27/06 12:00,35.8
09/27/06 13:00,50.9
09/27/06 14:00,57.4
09/27/06 15:00,48.0
09/27/06 16:00,38.9
09/27/06 17:00,6.3
09/27/06 18:00,0.0
09/27/06 19:00,0.0
09/27/06 20:00,0.0
09/27/06 21:00,0.0
09/27/06 22:00,0.0
09/27/06 23:00,0.0
09/28/06 00:00,0.0
09/28/06 01:00,0.0
09/28/06 02:00,0.0
09/28/06 03:00,0.0
09/28/06 04:00,0.0
09/28/06 05:00,0.0
09/28/06 06:00,0.0
09/28/06 07:00,45.8
09/28/06 08:00,56.1
09/28/06 09:00,54.3
09/28/06 10:00,50.9
09/28/06 11:00,51.0
09/28/06 12:00,40.6
09/28/06 13:00,60.4
09/28/06 14:00,55.0
09/28/06 15:00,38.5
09/28/06 16:00,28.1
09/28/06 17:00,0.0
09/28/06 18:00,0.0
09/28/06 19:00,0.0
09/28/06 20:00,0.0
09/28/06 21:00,0.0
09/28/06 22:00,0.0
09/28/06 23:00,0.0
09/29/06 00:00,0.0
09/29/06 01:00,0.0
09/29/06 02:00,0.0
09/29/06 03:00,0.0
09/29/06 04:00,0.0
09/29/06 05:00,0.0
09/29/06 06:00,0.0
09/29/06 07:00,0.6
09/29/06 08:00,15.3
09/29/06 09:00,50.3
09/29/06 10:00,53.8
09/29/06 11:00,57.8
09/29/06 12:00,56.3
09/29/06 13:00,64.4
09/29/06 14:00,68.2
09/29/06 15:00,63.9
09/29/06 16:00,50.5
09/29/06 17:00,9.9
09/29/06 18:00,0.0
09/29/06 19:00,0.0
09/29/06 20:00,0.0
09/29/06 21:00,0.0
09/29/06 22:00,0.0
09/29/06 23:00,0.0
09/30/06 00:00,0.0
09/30/06 01:00,0.0
09/30/06 02:00,0.0
09/30/06 03:00,0.0
09/30/06 04:00,0.0
09/30/06 05:00,0.0
09/30/06 06:00,0.0
09/30/06 07:00,42.8
09/30/06 08:00,57.2
09/30/06 09:00,62.6
09/30/06 10:00,55.4
09/30/06 11:00,56.0
09/30/06 12:00,60.4
09/30/06 13:00,65.1
09/30/06 14:00,64.7
09/30/06 15:00,62.0
09/30/06 16:00,51.1
09/30/06 17:00,0.0
09/30/06 18:00,0.0
09/30/06 19:00,0.0
09/30/06 20:00,0.0
09/30/06 21:00,0.0
09/30/06 22:00,0.0
09/30/06 23:00,0.0
10/01/06 00:00,0.0
10/01/06 01:00,0.0
10/01/06 02:00,0.0
10/01/06 03:00,0.0
10/01/06 04:00,0.0
10/01/06 05:00,0.0
10/01/06 06:00,0.0
10/01/06 07:00,26.9
10/01/06 08:00,41.0
10/01/06 09:00,26.6
10/01/06 10:00,23.6
10/01/06 11:00,32.6
10/01/06 12:00,58.7
10/01/06 13:00,59.2
10/01/06 14:00,59.4
10/01/06 15:00,42.8
10/01/06 16:00,26.9
10/01/06 17:00,0.0
10/01/06 18:00,0.0
10/01/06 19:00,0.0
10/01/06 20:00,0.0
10/01/06 21:00,0.0
10/01/06 22:00,0.0
10/01/06 23:00,0.0
10/02/06 00:00,0.0
10/02/06 01:00,0.0
10/02/06 02:00,0.0
10/02/06 03:00,0.0
10/02/06 04:00,0.0
10/02/06 05:00,0.0
10/02/06 06:00,0.0
10/02/06 07:00,40.8
10/02/06 08:00,54.3
10/02/06 09:00,55.7
10/02/06 10:00,49.7
10/02/06 11:00,39.6
10/02/06 12:00,34.2
10/02/06 13:00,21.5
10/02/06 14:00,35.1
10/02/06 15:00,40.7
10/02/06 16:00,34.1
10/02/06 17:00,0.0
10/02/06 18:00,0.0
10/02/06 19:00,0.0
10/02/06 20:00,0.0
10/02/06 21:00,0.0
10/02/06 22:00,0.0
10/02/06 23:00,0.0
10/03/06 00:00,0.0
10/03/06 01:00,0.0
10/03/06 02:00,0.0
10/03/06 03:00,0.0
10/03/06 04:00,0.0
10/03/06 05:00,0.0
10/03/06 06:00,0.0
10/03/06 07:00,39.9
10/03/06 08:00,54.0
10/03/06 09:00,50.8
10/03/06 10:00,53.1
10/03/06 11:00,59.6
10/03/06 12:00,55.1
10/03/06 13:00,50.6
10/03/06 14:00,41.9
10/03/06 15:00,5.2
10/03/06 16:00,0.0
10/03/06 17:00,0.0
10/03/06 18:00,0.0
10/03/06 19:00,0.0
10/03/06 20:00,0.0
10/03/06 21:00,0.0
10/03/06 22:00,0.0
10/03/06 23:00,0.0
10/04/06 00:00,0.0
10/04/06 01:00,0.0
10/04/06 02:00,0.0
10/04/06 03:00,0.0
10/04/06 04:00,0.0
10/04/06 05:00,0.0
10/04/06 06:00,0.0
10/04/06 07:00,0.1
10/04/06 08:00,11.3
10/04/06 09:00,18.7
10/04/06 10:00,21.6
10/04/06 11:00,21.2
10/04/06 12:00,23.7
10/04/06 13:00,27.3
10/04/06 14:00,36.7
10/04/06 15:00,36.8
10/04/06 16:00,31.3
10/04/06 17:00,0.0
10/04/06 18:00,0.0
10/04/06 19:00,0.0
10/04/06 20:00,0.0
10/04/06 21:00,0.0
10/04/06 22:00,0.0
10/04/06 23:00,0.0
10/05/06 00:00,0.0
10/05/06 01:00,0.0
10/05/06 02:00,0.0
10/05/06 03:00,0.0
10/05/06 04:00,0.0
10/05/06 05:00,0.0
10/05/06 06:00,0.0
10/05/06 07:00,38.0
10/05/06 08:00,52.5
10/05/06 09:00,54.4
10/05/06 10:00,49.8
10/05/06 11:00,46.8
10/05/06 12:00,35.8
10/05/06 13:00,48.8
10/05/06 14:00,10.2
10/05/06 15:00,10.1
10/05/06 16:00,0.0
10/05/06 17:00,0.0
10/05/06 18:00,0.0
10/05/06 19:00,0.0
10/05/06 20:00,0.0
10/05/06 21:00,0.0
10/05/06 22:00,0.0
10/05/06 23:00,0.0
10/06/06 00:00,0.0
10/06/06 01:00,0.0
10/06/06 02:00,0.0
10/06/06 03:00,0.0
10/06/06 04:00,0.0
10/06/06 05:00,0.0
10/06/06 06:00,0.0
10/06/06 07:00,0.1
10/06/06 08:00,29.7
10/06/06 09:00,37.1
10/06/06 10:00,48.3
10/06/06 11:00,46.5
10/06/06 12:00,33.1
10/06/06 13:00,41.4
10/06/06 14:00,23.7
10/06/06 15:00,46.3
10/06/06 16:00,0.7
10/06/06 17:00,0.0
10/06/06 18:00,0.0
10/06/06 19:00,0.0
10/06/06 20:00,0.0
10/06/06 21:00,0.0
10/06/06 22:00,0.0
10/06/06 23:00,0.0
10/07/06 00:00,0.0
10/07/06 01:00,0.0
10/07/06 02:00,0.0
10/07/06 03:00,0.0
10/07/06 04:00,0.0
10/07/06 05:00,0.0
10/07/06 06:00,0.0
10/07/06 07:00,35.5
10/07/06 08:00,41.3
10/07/06 09:00,52.7
10/07/06 10:00,51.6
10/07/06 11:00,53.7
10/07/06 12:00,56.1
10/07/06 13:00,60.6
10/07/06 14:00,64.1
10/07/06 15:00,50.1
10/07/06 16:00,28.8
10/07/06 17:00,0.0
10/07/06 18:00,0.0
10/07/06 19:00,0.0
10/07/06 20:00,0.0
10/07/06 21:00,0.0
10/07/06 22:00,0.0
10/07/06 23:00,0.0
10/08/06 00:00,0.0
10/08/06 01:00,0.0
10/08/06 02:00,0.0
10/08/06 03:00,0.0
10/08/06 04:00,0.0
10/08/06 05:00,0.0
10/08/06 06:00,0.0
10/08/06 07:00,37.4
10/08/06 08:00,46.5
10/08/06 09:00,52.2
10/08/06 10:00,53.5
10/08/06 11:00,49.1
10/08/06 12:00,53.2
10/08/06 13:00,48.5
10/08/06 14:00,41.8
10/08/06 15:00,33.6
10/08/06 16:00,23.3
10/08/06 17:00,0.0
10/08/06 18:00,0.0
10/08/06 19:00,0.0
10/08/06 20:00,0.0
10/08/06 21:00,0.0
10/08/06 22:00,0.0
10/08/06 23:00,0.0
10/09/06 00:00,0.0
10/09/06 01:00,0.0
10/09/06 02:00,0.0
10/09/06 03:00,0.0
10/09/06 04:00,0.0
10/09/06 05:00,0.0
10/09/06 06:00,0.0
10/09/06 07:00,0.9
10/09/06 08:00,17.8
10/09/06 09:00,31.6
10/09/06 10:00,40.8
10/09/06 11:00,35.5
10/09/06 12:00,30.0
10/09/06 13:00,47.0
10/09/06 14:00,32.8
10/09/06 15:00,41.1
10/09/06 16:00,22.8
10/09/06 17:00,0.0
10/09/06 18:00,0.0
10/09/06 19:00,0.0
10/09/06 20:00,0.0
10/09/06 21:00,0.0
10/09/06 22:00,0.0
10/09/06 23:00,0.0
10/10/06 00:00,0.0
10/10/06 01:00,0.0
10/10/06 02:00,0.0
10/10/06 03:00,0.0
10/10/06 04:00,0.0
10/10/06 05:00,0.0
10/10/06 06:00,0.0
10/10/06 07:00,19.4
10/10/06 08:00,40.7
10/10/06 09:00,33.7
10/10/06 10:00,51.2
10/10/06 11:00,44.0
10/10/06 12:00,35.6
10/10/06 13:00,40.8
10/10/06 14:00,57.8
10/10/06 15:00,47.1
10/10/06 16:00,39.3
10/10/06 17:00,0.0
10/10/06 18:00,0.0
10/10/06 19:00,0.0
10/10/06 20:00,0.0
10/10/06 21:00,0.0
10/10/06 22:00,0.0
10/10/06 23:00,0.0
10/11/06 00:00,0.0
10/11/06 01:00,0.0
10/11/06 02:00,0.0
10/11/06 03:00,0.0
10/11/06 04:00,0.0
10/11/06 05:00,0.0
10/11/06 06:00,0.0
10/11/06 07:00,37.9
10/11/06 08:00,58.3
10/11/06 09:00,53.9
10/11/06 10:00,41.3
10/11/06 11:00,43.6
10/11/06 12:00,50.6
10/11/06 13:00,34.5
10/11/06 14:00,34.3
10/11/06 15:00,29.0
10/11/06 16:00,27.0
10/11/06 17:00,0.0
10/11/06 18:00,0.0
10/11/06 19:00,0.0
10/11/06 20:00,0.0
10/11/06 21:00,0.0
10/11/06 22:00,0.0
10/11/06 23:00,0.0
10/12/06 00:00,0.0
10/12/06 01:00,0.0
10/12/06 02:00,0.0
10/12/06 03:00,0.0
10/12/06 04:00,0.0
10/12/06 05:00,0.0
10/12/06 06:00,0.0
10/12/06 07:00,33.3
10/12/06 08:00,59.1
10/12/06 09:00,67.6
10/12/06 10:00,63.3
10/12/06 11:00,58.5
10/12/06 12:00,60.7
10/12/06 13:00,64.2
10/12/06 14:00,56.2
10/12/06 15:00,48.2
10/12/06 16:00,29.1
10/12/06 17:00,0.0
10/12/06 18:00,0.0
10/12/06 19:00,0.0
10/12/06 20:00,0.0
10/12/06 21:00,0.0
10/12/06 22:00,0.0
10/12/06 23:00,0.0
10/13/06 00:00,0.0
10/13/06 01:00,0.0
10/13/06 02:00,0.0
10/13/06 03:00,0.0
10/13/06 04:00,0.0
10/13/06 05:00,0.0
10/13/06 06:00,0.0
10/13/06 07:00,36.6
10/13/06 08:00,56.1
10/13/06 09:00,46.5
10/13/06 10:00,52.7
10/13/06 11:00,46.7
10/13/06 12:00,49.5
10/13/06 13:00,63.9
10/13/06 14:00,63.2
10/13/06 15:00,64.3
10/13/06 16:00,36.9
10/13/06 17:00,0.0
10/13/06 18:00,0.0
10/13/06 19:00,0.0
10/13/06 20:00,0.0
10/13/06 21:00,0.0
10/13/06 22:00,0.0
10/13/06 23:00,0.0
10/14/06 00:00,0.0
10/14/06 01:00,0.0
10/14/06 02:00,0.0
10/14/06 03:00,0.0
10/14/06 04:00,0.0
10/14/06 05:00,0.0
10/14/06 06:00,0.0
10/14/06 07:00,34.7
10/14/06 08:00,46.9
10/14/06 09:00,55.3
10/14/06 10:00,48.2
10/14/06 11:00,43.8
10/14/06 12:00,54.9
10/14/06 13:00,60.4
10/14/06 14:00,50.2
10/14/06 15:00,42.8
10/14/06 16:00,26.0
10/14/06 17:00,0.0
10/14/06 18:00,0.0
10/14/06 19:00,0.0
10/14/06 20:00,0.0
10/14/06 21:00,0.0
10/14/06 22:00,0.0
10/14/06 23:00,0.0
10/15/06 00:00,0.0
10/15/06 01:00,0.0
10/15/06 02:00,0.0
10/15/06 03:00,0.0
10/15/06 04:00,0.0
10/15/06 05:00,0.0
10/15/06 06:00,0.0
10/15/06 07:00,28.7
10/15/06 08:00,49.8
10/15/06 09:00,46.3
10/15/06 10:00,48.5
10/15/06 11:00,44.7
10/15/06 12:00,50.7
10/15/06 13:00,59.1
10/15/06 14:00,60.4
10/15/06 15:00,48.3
10/15/06 16:00,40.2
10/15/06 17:00,0.0
10/15/06 18:00,0.0
10/15/06 19:00,0.0
10/15/06 20:00,0.0
10/15/06 21:00,0.0
10/15/06 22:00,0.0
10/15/06 23:00,0.0
10/16/06 00:00,0.0
10/16/06 01:00,0.0
10/16/06 02:00,0.0
10/16/06 03:00,0.0
10/16/06 04:00,0.0
10/16/06 05:00,0.0
10/16/06 06:00,0.0
10/16/06 07:00,27.6
10/16/06 08:00,48.0
10/16/06 09:00,46.5
10/16/06 10:00,43.4
10/16/06 11:00,41.9
10/16/06 12:00,43.5
10/16/06 13:00,37.1
10/16/06 14:00,42.1
10/16/06 15:00,26.5
10/16/06 16:00,20.1
10/16/06 17:00,0.0
10/16/06 18:00,0.0
10/16/06 19:00,0.0
10/16/06 20:00,0.0
10/16/06 21:00,0.0
10/16/06 22:00,0.0
10/16/06 23:00,0.0
10/17/06 00:00,0.0
10/17/06 01:00,0.0
10/17/06 02:00,0.0
10/17/06 03:00,0.0
10/17/06 04:00,0.0
10/17/06 05:00,0.0
10/17/06 06:00,0.0
10/17/06 07:00,0.0
10/17/06 08:00,4.4
10/17/06 09:00,22.7
10/17/06 10:00,37.6
10/17/06 11:00,25.6
10/17/06 12:00,22.4
10/17/06 13:00,20.9
10/17/06 14:00,39.7
10/17/06 15:00,15.2
10/17/06 16:00,12.1
10/17/06 17:00,0.0
10/17/06 18:00,0.0
10/17/06 19:00,0.0
10/17/06 20:00,0.0
10/17/06 21:00,0.0
10/17/06 22:00,0.0
10/17/06 23:00,0.0
10/18/06 00:00,0.0
10/18/06 01:00,0.0
10/18/06 02:00,0.0
10/18/06 03:00,0.0
10/18/06 04:00,0.0
10/18/06 05:00,0.0
10/18/06 06:00,0.0
10/18/06 07:00,0.1
10/18/06 08:00,12.6
10/18/06 09:00,44.7
10/18/06 10:00,38.5
10/18/06 11:00,36.5
10/18/06 12:00,45.5
10/18/06 13:00,57.3
10/18/06 14:00,64.7
10/18/06 15:00,58.4
10/18/06 16:00,33.5
10/18/06 17:00,0.0
10/18/06 18:00,0.0
10/18/06 19:00,0.0
10/18/06 20:00,0.0
10/18/06 21:00,0.0
10/18/06 22:00,0.0
10/18/06 23:00,0.0
10/19/06 00:00,0.0
10/19/06 01:00,0.0
10/19/06 02:00,0.0
10/19/06 03:00,0.0
10/19/06 04:00,0.0
10/19/06 05:00,0.0
10/19/06 06:00,0.0
10/19/06 07:00,0.1
10/19/06 08:00,11.4
10/19/06 09:00,24.1
10/19/06 10:00,41.7
10/19/06 11:00,41.9
10/19/06 12:00,46.1
10/19/06 13:00,41.7
10/19/06 14:00,40.1
10/19/06 15:00,42.0
10/19/06 16:00,23.3
10/19/06 17:00,0.0
10/19/06 18:00,0.0
10/19/06 19:00,0.0
10/19/06 20:00,0.0
10/19/06 21:00,0.0
10/19/06 22:00,0.0
10/19/06 23:00,0.0
10/20/06 00:00,0.0
10/20/06 01:00,0.0
10/20/06 02:00,0.0
10/20/06 03:00,0.0
10/20/06 04:00,0.0
10/20/06 05:00,0.0
10/20/06 06:00,0.0
10/20/06 07:00,0.2
10/20/06 08:00,19.4
10/20/06 09:00,44.7
10/20/06 10:00,39.7
10/20/06 11:00,40.4
10/20/06 12:00,34.9
10/20/06 13:00,46.1
10/20/06 14:00,27.3
10/20/06 15:00,12.2
10/20/06 16:00,14.5
10/20/06 17:00,0.0
10/20/06 18:00,0.0
10/20/06 19:00,0.0
10/20/06 20:00,0.0
10/20/06 21:00,0.0
10/20/06 22:00,0.0
10/20/06 23:00,0.0
10/21/06 00:00,0.0
10/21/06 01:00,0.0
10/21/06 02:00,0.0
10/21/06 03:00,0.0
10/21/06 04:00,0.0
10/21/06 05:00,0.0
10/21/06 06:00,0.0
10/21/06 07:00,25.8
10/21/06 08:00,26.4
10/21/06 09:00,44.0
10/21/06 10:00,55.1
10/21/06 11:00,53.4
10/21/06 12:00,59.1
10/21/06 13:00,62.7
10/21/06 14:00,62.4
10/21/06 15:00,51.1
10/21/06 16:00,32.0
10/21/06 17:00,0.0
10/21/06 18:00,0.0
10/21/06 19:00,0.0
10/21/06 20:00,0.0
10/21/06 21:00,0.0
10/21/06 22:00,0.0
10/21/06 23:00,0.0
10/22/06 00:00,0.0
10/22/06 01:00,0.0
10/22/06 02:00,0.0
10/22/06 03:00,0.0
10/22/06 04:00,0.0
10/22/06 05:00,0.0
10/22/06 06:00,0.0
10/22/06 07:00,26.4
10/22/06 08:00,48.0
10/22/06 09:00,42.7
10/22/06 10:00,47.0
10/22/06 11:00,48.8
10/22/06 12:00,43.4
10/22/06 13:00,42.4
10/22/06 14:00,56.5
10/22/06 15:00,57.4
10/22/06 16:00,35.1
10/22/06 17:00,0.0
10/22/06 18:00,0.0
10/22/06 19:00,0.0
10/22/06 20:00,0.0
10/22/06 21:00,0.0
10/22/06 22:00,0.0
10/22/06 23:00,0.0
10/23/06 00:00,0.0
10/23/06 01:00,0.0
10/23/06 02:00,0.0
10/23/06 03:00,0.0
10/23/06 04:00,0.0
10/23/06 05:00,0.0
10/23/06 06:00,0.0
10/23/06 07:00,25.5
10/23/06 08:00,45.7
10/23/06 09:00,51.0
10/23/06 10:00,49.8
10/23/06 11:00,47.7
10/23/06 12:00,50.8
10/23/06 13:00,57.4
10/23/06 14:00,52.0
10/23/06 15:00,48.5
10/23/06 16:00,31.9
10/23/06 17:00,0.0
10/23/06 18:00,0.0
10/23/06 19:00,0.0
10/23/06 20:00,0.0
10/23/06 21:00,0.0
10/23/06 22:00,0.0
10/23/06 23:00,0.0
10/24/06 00:00,0.0
10/24/06 01:00,0.0
10/24/06 02:00,0.0
10/24/06 03:00,0.0
10/24/06 04:00,0.0
10/24/06 05:00,0.0
10/24/06 06:00,0.0
10/24/06 07:00,24.1
10/24/06 08:00,46.4
10/24/06 09:00,48.2
10/24/06 10:00,50.4
10/24/06 11:00,41.0
10/24/06 12:00,51.1
10/24/06 13:00,53.8
10/24/06 14:00,55.0
10/24/06 15:00,56.3
10/24/06 16:00,27.4
10/24/06 17:00,0.0
10/24/06 18:00,0.0
10/24/06 19:00,0.0
10/24/06 20:00,0.0
10/24/06 21:00,0.0
10/24/06 22:00,0.0
10/24/06 23:00,0.0
10/25/06 00:00,0.0
10/25/06 01:00,0.0
10/25/06 02:00,0.0
10/25/06 03:00,0.0
10/25/06 04:00,0.0
10/25/06 05:00,0.0
10/25/06 06:00,0.0
10/25/06 07:00,25.2
10/25/06 08:00,45.5
10/25/06 09:00,50.8
10/25/06 10:00,43.9
10/25/06 11:00,45.8
10/25/06 12:00,52.8
10/25/06 13:00,25.7
10/25/06 14:00,22.4
10/25/06 15:00,1.0
10/25/06 16:00,0.4
10/25/06 17:00,0.0
10/25/06 18:00,0.0
10/25/06 19:00,0.0
10/25/06 20:00,0.0
10/25/06 21:00,0.0
10/25/06 22:00,0.0
10/25/06 23:00,0.0
10/26/06 00:00,0.0
10/26/06 01:00,0.0
10/26/06 02:00,0.0
10/26/06 03:00,0.0
10/26/06 04:00,0.0
10/26/06 05:00,0.0
10/26/06 06:00,0.0
10/26/06 07:00,0.0
10/26/06 08:00,1.0
10/26/06 09:00,0.2
10/26/06 10:00,13.0
10/26/06 11:00,37.4
10/26/06 12:00,38.0
10/26/06 13:00,51.8
10/26/06 14:00,58.9
10/26/06 15:00,54.7
10/26/06 16:00,24.4
10/26/06 17:00,0.0
10/26/06 18:00,0.0
10/26/06 19:00,0.0
10/26/06 20:00,0.0
10/26/06 21:00,0.0
10/26/06 22:00,0.0
10/26/06 23:00,0.0
10/27/06 00:00,0.0
10/27/06 01:00,0.0
10/27/06 02:00,0.0
10/27/06 03:00,0.0
10/27/06 04:00,0.0
10/27/06 05:00,0.0
10/27/06 06:00,0.0
10/27/06 07:00,23.0
10/27/06 08:00,45.7
10/27/06 09:00,31.4
10/27/06 10:00,30.8
10/27/06 11:00,43.9
10/27/06 12:00,50.8
10/27/06 13:00,55.6
10/27/06 14:00,57.7
10/27/06 15:00,36.1
10/27/06 16:00,26.6
10/27/06 17:00,0.0
10/27/06 18:00,0.0
10/27/06 19:00,0.0
10/27/06 20:00,0.0
10/27/06 21:00,0.0
10/27/06 22:00,0.0
10/27/06 23:00,0.0
10/28/06 00:00,0.0
10/28/06 01:00,0.0
10/28/06 02:00,0.0
10/28/06 03:00,0.0
10/28/06 04:00,0.0
10/28/06 05:00,0.0
10/28/06 06:00,0.0
10/28/06 07:00,21.7
10/28/06 08:00,42.9
10/28/06 09:00,56.6
10/28/06 10:00,48.6
10/28/06 11:00,41.2
10/28/06 12:00,53.2
10/28/06 13:00,57.5
10/28/06 14:00,37.0
10/28/06 15:00,40.2
10/28/06 16:00,24.3
10/28/06 17:00,0.0
10/28/06 18:00,0.0
10/28/06 19:00,0.0
10/28/06 20:00,0.0
10/28/06 21:00,0.0
10/28/06 22:00,0.0
10/28/06 23:00,0.0
10/29/06 00:00,0.0
10/29/06 01:00,0.0
10/29/06 02:00,0.0
10/29/06 03:00,0.0
10/29/06 04:00,0.0
10/29/06 05:00,0.0
10/29/06 06:00,0.0
10/29/06 07:00,21.2
10/29/06 08:00,44.2
10/29/06 09:00,49.0
10/29/06 10:00,49.1
10/29/06 11:00,47.7
10/29/06 12:00,45.5
10/29/06 13:00,50.0
10/29/06 14:00,31.3
10/29/06 15:00,37.2
10/29/06 16:00,18.4
10/29/06 17:00,0.0
10/29/06 18:00,0.0
10/29/06 19:00,0.0
10/29/06 20:00,0.0
10/29/06 21:00,0.0
10/29/06 22:00,0.0
10/29/06 23:00,0.0
10/30/06 00:00,0.0
10/30/06 01:00,0.0
10/30/06 02:00,0.0
10/30/06 03:00,0.0
10/30/06 04:00,0.0
10/30/06 05:00,0.0
10/30/06 06:00,0.0
10/30/06 07:00,21.6
10/30/06 08:00,42.4
10/30/06 09:00,39.4
10/30/06 10:00,35.3
10/30/06 11:00,34.9
10/30/06 12:00,39.3
10/30/06 13:00,46.6
10/30/06 14:00,48.4
10/30/06 15:00,28.6
10/30/06 16:00,20.4
10/30/06 17:00,0.0
10/30/06 18:00,0.0
10/30/06 19:00,0.0
10/30/06 20:00,0.0
10/30/06 21:00,0.0
10/30/06 22:00,0.0
10/30/06 23:00,0.0
10/31/06 00:00,0.0
10/31/06 01:00,0.0
10/31/06 02:00,0.0
10/31/06 03:00,0.0
10/31/06 04:00,0.0
10/31/06 05:00,0.0
10/31/06 06:00,0.0
10/31/06 07:00,22.7
10/31/06 08:00,49.7
10/31/06 09:00,55.9
10/31/06 10:00,39.9
10/31/06 11:00,38.2
10/31/06 12:00,44.1
10/31/06 13:00,53.6
10/31/06 14:00,52.2
10/31/06 15:00,46.2
10/31/06 16:00,23.0
10/31/06 17:00,0.0
10/31/06 18:00,0.0
10/31/06 19:00,0.0
10/31/06 20:00,0.0
10/31/06 21:00,0.0
10/31/06 22:00,0.0
10/31/06 23:00,0.0
11/01/06 00:00,0.0
11/01/06 01:00,0.0
11/01/06 02:00,0.0
11/01/06 03:00,0.0
11/01/06 04:00,0.0
11/01/06 05:00,0.0
11/01/06 06:00,0.0
11/01/06 07:00,20.2
11/01/06 08:00,45.6
11/01/06 09:00,36.9
11/01/06 10:00,39.5
11/01/06 11:00,41.3
11/01/06 12:00,45.1
11/01/06 13:00,54.2
11/01/06 14:00,60.3
11/01/06 15:00,51.0
11/01/06 16:00,23.0
11/01/06 17:00,0.0
11/01/06 18:00,0.0
11/01/06 19:00,0.0
11/01/06 20:00,0.0
11/01/06 21:00,0.0
11/01/06 22:00,0.0
11/01/06 23:00,0.0
11/02/06 00:00,0.0
11/02/06 01:00,0.0
11/02/06 02:00,0.0
11/02/06 03:00,0.0
11/02/06 04:00,0.0
11/02/06 05:00,0.0
11/02/06 06:00,0.0
11/02/06 07:00,18.5
11/02/06 08:00,41.1
11/02/06 09:00,40.8
11/02/06 10:00,38.3
11/02/06 11:00,44.1
11/02/06 12:00,45.9
11/02/06 13:00,50.0
11/02/06 14:00,53.1
11/02/06 15:00,52.3
11/02/06 16:00,21.9
11/02/06 17:00,0.0
11/02/06 18:00,0.0
11/02/06 19:00,0.0
11/02/06 20:00,0.0
11/02/06 21:00,0.0
11/02/06 22:00,0.0
11/02/06 23:00,0.0
11/03/06 00:00,0.0
11/03/06 01:00,0.0
11/03/06 02:00,0.0
11/03/06 03:00,0.0
11/03/06 04:00,0.0
11/03/06 05:00,0.0
11/03/06 06:00,0.0
11/03/06 07:00,13.5
11/03/06 08:00,37.8
11/03/06 09:00,38.0
11/03/06 10:00,42.3
11/03/06 11:00,43.9
11/03/06 12:00,38.1
11/03/06 13:00,39.5
11/03/06 14:00,33.2
11/03/06 15:00,29.5
11/03/06 16:00,0.0
11/03/06 17:00,0.0
11/03/06 18:00,0.0
11/03/06 19:00,0.0
11/03/06 20:00,0.0
11/03/06 21:00,0.0
11/03/06 22:00,0.0
11/03/06 23:00,0.0
11/04/06 00:00,0.0
11/04/06 01:00,0.0
11/04/06 02:00,0.0
11/04/06 03:00,0.0
11/04/06 04:00,0.0
11/04/06 05:00,0.0
11/04/06 06:00,0.0
11/04/06 07:00,13.9
11/04/06 08:00,44.2
11/04/06 09:00,47.7
11/04/06 10:00,42.2
11/04/06 11:00,40.3
11/04/06 12:00,44.7
11/04/06 13:00,47.7
11/04/06 14:00,50.9
11/04/06 15:00,38.0
11/04/06 16:00,10.2
11/04/06 17:00,0.0
11/04/06 18:00,0.0
11/04/06 19:00,0.0
11/04/06 20:00,0.0
11/04/06 21:00,0.0
11/04/06 22:00,0.0
11/04/06 23:00,0.0
11/05/06 00:00,0.0
11/05/06 01:00,0.0
11/05/06 02:00,0.0
11/05/06 03:00,0.0
11/05/06 04:00,0.0
11/05/06 05:00,0.0
11/05/06 06:00,0.0
11/05/06 07:00,12.5
11/05/06 08:00,42.4
11/05/06 09:00,39.7
11/05/06 10:00,47.5
11/05/06 11:00,43.6
11/05/06 12:00,46.0
11/05/06 13:00,55.1
11/05/06 14:00,53.8
11/05/06 15:00,43.3
11/05/06 16:00,17.6
11/05/06 17:00,0.0
11/05/06 18:00,0.0
11/05/06 19:00,0.0
11/05/06 20:00,0.0
11/05/06 21:00,0.0
11/05/06 22:00,0.0
11/05/06 23:00,0.0
11/06/06 00:00,0.0
11/06/06 01:00,0.0
11/06/06 02:00,0.0
11/06/06 03:00,0.0
11/06/06 04:00,0.0
11/06/06 05:00,0.0
11/06/06 06:00,0.0
11/06/06 07:00,11.8
11/06/06 08:00,41.4
11/06/06 09:00,42.2
11/06/06 10:00,43.3
11/06/06 11:00,41.6
11/06/06 12:00,40.4
11/06/06 13:00,39.8
11/06/06 14:00,32.0
11/06/06 15:00,17.1
11/06/06 16:00,0.0
11/06/06 17:00,0.0
11/06/06 18:00,0.0
11/06/06 19:00,0.0
11/06/06 20:00,0.0
11/06/06 21:00,0.0
11/06/06 22:00,0.0
11/06/06 23:00,0.0
11/07/06 00:00,0.0
11/07/06 01:00,0.0
11/07/06 02:00,0.0
11/07/06 03:00,0.0
11/07/06 04:00,0.0
11/07/06 05:00,0.0
11/07/06 06:00,0.0
11/07/06 07:00,4.9
11/07/06 08:00,37.5
11/07/06 09:00,49.7
11/07/06 10:00,36.4
11/07/06 11:00,34.8
11/07/06 12:00,44.6
11/07/06 13:00,48.9
11/07/06 14:00,38.7
11/07/06 15:00,25.4
11/07/06 16:00,0.0
11/07/06 17:00,0.0
11/07/06 18:00,0.0
11/07/06 19:00,0.0
11/07/06 20:00,0.0
11/07/06 21:00,0.0
11/07/06 22:00,0.0
11/07/06 23:00,0.0
11/08/06 00:00,0.0
11/08/06 01:00,0.0
11/08/06 02:00,0.0
11/08/06 03:00,0.0
11/08/06 04:00,0.0
11/08/06 05:00,0.0
11/08/06 06:00,0.0
11/08/06 07:00,5.5
11/08/06 08:00,37.9
11/08/06 09:00,40.9
11/08/06 10:00,38.7
11/08/06 11:00,39.6
11/08/06 12:00,44.4
11/08/06 13:00,49.9
11/08/06 14:00,56.4
11/08/06 15:00,40.8
11/08/06 16:00,0.0
11/08/06 17:00,0.0
11/08/06 18:00,0.0
11/08/06 19:00,0.0
11/08/06 20:00,0.0
11/08/06 21:00,0.0
11/08/06 22:00,0.0
11/08/06 23:00,0.0
11/09/06 00:00,0.0
11/09/06 01:00,0.0
11/09/06 02:00,0.0
11/09/06 03:00,0.0
11/09/06 04:00,0.0
11/09/06 05:00,0.0
11/09/06 06:00,0.0
11/09/06 07:00,2.4
11/09/06 08:00,38.6
11/09/06 09:00,20.1
11/09/06 10:00,35.2
11/09/06 11:00,36.7
11/09/06 12:00,37.4
11/09/06 13:00,39.9
11/09/06 14:00,33.1
11/09/06 15:00,21.3
11/09/06 16:00,0.0
11/09/06 17:00,0.0
11/09/06 18:00,0.0
11/09/06 19:00,0.0
11/09/06 20:00,0.0
11/09/06 21:00,0.0
11/09/06 22:00,0.0
11/09/06 23:00,0.0
11/10/06 00:00,0.0
11/10/06 01:00,0.0
11/10/06 02:00,0.0
11/10/06 03:00,0.0
11/10/06 04:00,0.0
11/10/06 05:00,0.0
11/10/06 06:00,0.0
11/10/06 07:00,0.0
11/10/06 08:00,0.3
11/10/06 09:00,12.9
11/10/06 10:00,23.6
11/10/06 11:00,26.1
11/10/06 12:00,34.6
11/10/06 13:00,42.6
11/10/06 14:00,30.3
11/10/06 15:00,26.0
11/10/06 16:00,0.0
11/10/06 17:00,0.0
11/10/06 18:00,0.0
11/10/06 19:00,0.0
11/10/06 20:00,0.0
11/10/06 21:00,0.0
11/10/06 22:00,0.0
11/10/06 23:00,0.0
11/11/06 00:00,0.0
11/11/06 01:00,0.0
11/11/06 02:00,0.0
11/11/06 03:00,0.0
11/11/06 04:00,0.0
11/11/06 05:00,0.0
11/11/06 06:00,0.0
11/11/06 07:00,0.0
11/11/06 08:00,0.5
11/11/06 09:00,11.9
11/11/06 10:00,41.0
11/11/06 11:00,32.2
11/11/06 12:00,30.9
11/11/06 13:00,41.6
11/11/06 14:00,30.1
11/11/06 15:00,36.1
11/11/06 16:00,0.0
11/11/06 17:00,0.0
11/11/06 18:00,0.0
11/11/06 19:00,0.0
11/11/06 20:00,0.0
11/11/06 21:00,0.0
11/11/06 22:00,0.0
11/11/06 23:00,0.0
11/12/06 00:00,0.0
11/12/06 01:00,0.0
11/12/06 02:00,0.0
11/12/06 03:00,0.0
11/12/06 04:00,0.0
11/12/06 05:00,0.0
11/12/06 06:00,0.0
11/12/06 07:00,0.0
11/12/06 08:00,1.1
11/12/06 09:00,13.7
11/12/06 10:00,30.4
11/12/06 11:00,35.9
11/12/06 12:00,36.7
11/12/06 13:00,34.0
11/12/06 14:00,46.3
11/12/06 15:00,48.4
11/12/06 16:00,0.0
11/12/06 17:00,0.0
11/12/06 18:00,0.0
11/12/06 19:00,0.0
11/12/06 20:00,0.0
11/12/06 21:00,0.0
11/12/06 22:00,0.0
11/12/06 23:00,0.0
11/13/06 00:00,0.0
11/13/06 01:00,0.0
11/13/06 02:00,0.0
11/13/06 03:00,0.0
11/13/06 04:00,0.0
11/13/06 05:00,0.0
11/13/06 06:00,0.0
11/13/06 07:00,0.0
11/13/06 08:00,17.2
11/13/06 09:00,11.6
11/13/06 10:00,26.3
11/13/06 11:00,36.1
11/13/06 12:00,25.1
11/13/06 13:00,42.6
11/13/06 14:00,26.1
11/13/06 15:00,7.6
11/13/06 16:00,0.0
11/13/06 17:00,0.0
11/13/06 18:00,0.0
11/13/06 19:00,0.0
11/13/06 20:00,0.0
11/13/06 21:00,0.0
11/13/06 22:00,0.0
11/13/06 23:00,0.0
11/14/06 00:00,0.0
11/14/06 01:00,0.0
11/14/06 02:00,0.0
11/14/06 03:00,0.0
11/14/06 04:00,0.0
11/14/06 05:00,0.0
11/14/06 06:00,0.0
11/14/06 07:00,0.0
11/14/06 08:00,0.1
11/14/06 09:00,0.9
11/14/06 10:00,2.6
11/14/06 11:00,2.7
11/14/06 12:00,1.6
11/14/06 13:00,0.7
11/14/06 14:00,4.2
11/14/06 15:00,16.0
11/14/06 16:00,0.0
11/14/06 17:00,0.0
11/14/06 18:00,0.0
11/14/06 19:00,0.0
11/14/06 20:00,0.0
11/14/06 21:00,0.0
11/14/06 22:00,0.0
11/14/06 23:00,0.0
11/15/06 00:00,0.0
11/15/06 01:00,0.0
11/15/06 02:00,0.0
11/15/06 03:00,0.0
11/15/06 04:00,0.0
11/15/06 05:00,0.0
11/15/06 06:00,0.0
11/15/06 07:00,0.0
11/15/06 08:00,40.3
11/15/06 09:00,42.5
11/15/06 10:00,38.7
11/15/06 11:00,42.3
11/15/06 12:00,42.3
11/15/06 13:00,49.1
11/15/06 14:00,51.0
11/15/06 15:00,43.6
11/15/06 16:00,0.0
11/15/06 17:00,0.0
11/15/06 18:00,0.0
11/15/06 19:00,0.0
11/15/06 20:00,0.0
11/15/06 21:00,0.0
11/15/06 22:00,0.0
11/15/06 23:00,0.0
11/16/06 00:00,0.0
11/16/06 01:00,0.0
11/16/06 02:00,0.0
11/16/06 03:00,0.0
11/16/06 04:00,0.0
11/16/06 05:00,0.0
11/16/06 06:00,0.0
11/16/06 07:00,0.0
11/16/06 08:00,36.9
11/16/06 09:00,38.0
11/16/06 10:00,30.1
11/16/06 11:00,25.5
11/16/06 12:00,39.8
11/16/06 13:00,37.9
11/16/06 14:00,32.8
11/16/06 15:00,34.6
11/16/06 16:00,0.0
11/16/06 17:00,0.0
11/16/06 18:00,0.0
11/16/06 19:00,0.0
11/16/06 20:00,0.0
11/16/06 21:00,0.0
11/16/06 22:00,0.0
11/16/06 23:00,0.0
11/17/06 00:00,0.0
11/17/06 01:00,0.0
11/17/06 02:00,0.0
11/17/06 03:00,0.0
11/17/06 04:00,0.0
11/17/06 05:00,0.0
11/17/06 06:00,0.0
11/17/06 07:00,0.0
11/17/06 08:00,36.3
11/17/06 09:00,38.6
11/17/06 10:00,34.5
11/17/06 11:00,33.7
11/17/06 12:00,35.7
11/17/06 13:00,39.2
11/17/06 14:00,48.4
11/17/06 15:00,42.9
11/17/06 16:00,0.0
11/17/06 17:00,0.0
11/17/06 18:00,0.0
11/17/06 19:00,0.0
11/17/06 20:00,0.0
11/17/06 21:00,0.0
11/17/06 22:00,0.0
11/17/06 23:00,0.0
11/18/06 00:00,0.0
11/18/06 01:00,0.0
11/18/06 02:00,0.0
11/18/06 03:00,0.0
11/18/06 04:00,0.0
11/18/06 05:00,0.0
11/18/06 06:00,0.0
11/18/06 07:00,0.0
11/18/06 08:00,30.9
11/18/06 09:00,39.7
11/18/06 10:00,38.5
11/18/06 11:00,36.8
11/18/06 12:00,36.7
11/18/06 13:00,42.4
11/18/06 14:00,50.0
11/18/06 15:00,33.7
11/18/06 16:00,0.0
11/18/06 17:00,0.0
11/18/06 18:00,0.0
11/18/06 19:00,0.0
11/18/06 20:00,0.0
11/18/06 21:00,0.0
11/18/06 22:00,0.0
11/18/06 23:00,0.0
11/19/06 00:00,0.0
11/19/06 01:00,0.0
11/19/06 02:00,0.0
11/19/06 03:00,0.0
11/19/06 04:00,0.0
11/19/06 05:00,0.0
11/19/06 06:00,0.0
11/19/06 07:00,0.0
11/19/06 08:00,37.2
11/19/06 09:00,40.4
11/19/06 10:00,40.7
11/19/06 11:00,37.9
11/19/06 12:00,32.1
11/19/06 13:00,19.4
11/19/06 14:00,31.9
11/19/06 15:00,25.3
11/19/06 16:00,0.0
11/19/06 17:00,0.0
11/19/06 18:00,0.0
11/19/06 19:00,0.0
11/19/06 20:00,0.0
11/19/06 21:00,0.0
11/19/06 22:00,0.0
11/19/06 23:00,0.0
11/20/06 00:00,0.0
11/20/06 01:00,0.0
11/20/06 02:00,0.0
11/20/06 03:00,0.0
11/20/06 04:00,0.0
11/20/06 05:00,0.0
11/20/06 06:00,0.0
11/20/06 07:00,0.0
11/20/06 08:00,0.8
11/20/06 09:00,42.1
11/20/06 10:00,37.1
11/20/06 11:00,38.4
11/20/06 12:00,41.2
11/20/06 13:00,37.4
11/20/06 14:00,39.8
11/20/06 15:00,39.8
11/20/06 16:00,0.0
11/20/06 17:00,0.0
11/20/06 18:00,0.0
11/20/06 19:00,0.0
11/20/06 20:00,0.0
11/20/06 21:00,0.0
11/20/06 22:00,0.0
11/20/06 23:00,0.0
11/21/06 00:00,0.0
11/21/06 01:00,0.0
11/21/06 02:00,0.0
11/21/06 03:00,0.0
11/21/06 04:00,0.0
11/21/06 05:00,0.0
11/21/06 06:00,0.0
11/21/06 07:00,0.0
11/21/06 08:00,34.2
11/21/06 09:00,38.9
11/21/06 10:00,33.2
11/21/06 11:00,32.0
11/21/06 12:00,35.9
11/21/06 13:00,34.4
11/21/06 14:00,27.9
11/21/06 15:00,26.9
11/21/06 16:00,0.0
11/21/06 17:00,0.0
11/21/06 18:00,0.0
11/21/06 19:00,0.0
11/21/06 20:00,0.0
11/21/06 21:00,0.0
11/21/06 22:00,0.0
11/21/06 23:00,0.0
11/22/06 00:00,0.0
11/22/06 01:00,0.0
11/22/06 02:00,0.0
11/22/06 03:00,0.0
11/22/06 04:00,0.0
11/22/06 05:00,0.0
11/22/06 06:00,0.0
11/22/06 07:00,0.0
11/22/06 08:00,34.7
11/22/06 09:00,39.1
11/22/06 10:00,35.8
11/22/06 11:00,33.8
11/22/06 12:00,38.6
11/22/06 13:00,43.1
11/22/06 14:00,50.1
11/22/06 15:00,41.1
11/22/06 16:00,0.0
11/22/06 17:00,0.0
11/22/06 18:00,0.0
11/22/06 19:00,0.0
11/22/06 20:00,0.0
11/22/06 21:00,0.0
11/22/06 22:00,0.0
11/22/06 23:00,0.0
11/23/06 00:00,0.0
11/23/06 01:00,0.0
11/23/06 02:00,0.0
11/23/06 03:00,0.0
11/23/06 04:00,0.0
11/23/06 05:00,0.0
11/23/06 06:00,0.0
11/23/06 07:00,0.0
11/23/06 08:00,33.1
11/23/06 09:00,38.3
11/23/06 10:00,39.0
11/23/06 11:00,34.0
11/23/06 12:00,32.9
11/23/06 13:00,31.4
11/23/06 14:00,28.5
11/23/06 15:00,24.7
11/23/06 16:00,0.0
11/23/06 17:00,0.0
11/23/06 18:00,0.0
11/23/06 19:00,0.0
11/23/06 20:00,0.0
11/23/06 21:00,0.0
11/23/06 22:00,0.0
11/23/06 23:00,0.0
11/24/06 00:00,0.0
11/24/06 01:00,0.0
11/24/06 02:00,0.0
11/24/06 03:00,0.0
11/24/06 04:00,0.0
11/24/06 05:00,0.0
11/24/06 06:00,0.0
11/24/06 07:00,0.0
11/24/06 08:00,40.2
11/24/06 09:00,43.5
11/24/06 10:00,45.3
11/24/06 11:00,40.7
11/24/06 12:00,43.6
11/24/06 13:00,47.2
11/24/06 14:00,48.1
11/24/06 15:00,40.5
11/24/06 16:00,0.0
11/24/06 17:00,0.0
11/24/06 18:00,0.0
11/24/06 19:00,0.0
11/24/06 20:00,0.0
11/24/06 21:00,0.0
11/24/06 22:00,0.0
11/24/06 23:00,0.0
11/25/06 00:00,0.0
11/25/06 01:00,0.0
11/25/06 02:00,0.0
11/25/06 03:00,0.0
11/25/06 04:00,0.0
11/25/06 05:00,0.0
11/25/06 06:00,0.0
11/25/06 07:00,0.0
11/25/06 08:00,37.9
11/25/06 09:00,42.3
11/25/06 10:00,38.0
11/25/06 11:00,33.5
11/25/06 12:00,34.8
11/25/06 13:00,41.8
11/25/06 14:00,41.4
11/25/06 15:00,28.1
11/25/06 16:00,0.0
11/25/06 17:00,0.0
11/25/06 18:00,0.0
11/25/06 19:00,0.0
11/25/06 20:00,0.0
11/25/06 21:00,0.0
11/25/06 22:00,0.0
11/25/06 23:00,0.0
11/26/06 00:00,0.0
11/26/06 01:00,0.0
11/26/06 02:00,0.0
11/26/06 03:00,0.0
11/26/06 04:00,0.0
11/26/06 05:00,0.0
11/26/06 06:00,0.0
11/26/06 07:00,0.0
11/26/06 08:00,33.0
11/26/06 09:00,43.0
11/26/06 10:00,44.4
11/26/06 11:00,37.3
11/26/06 12:00,38.9
11/26/06 13:00,37.4
11/26/06 14:00,51.3
11/26/06 15:00,38.6
11/26/06 16:00,0.0
11/26/06 17:00,0.0
11/26/06 18:00,0.0
11/26/06 19:00,0.0
11/26/06 20:00,0.0
11/26/06 21:00,0.0
11/26/06 22:00,0.0
11/26/06 23:00,0.0
11/27/06 00:00,0.0
11/27/06 01:00,0.0
11/27/06 02:00,0.0
11/27/06 03:00,0.0
11/27/06 04:00,0.0
11/27/06 05:00,0.0
11/27/06 06:00,0.0
11/27/06 07:00,0.0
11/27/06 08:00,35.1
11/27/06 09:00,42.2
11/27/06 10:00,43.5
11/27/06 11:00,37.4
11/27/06 12:00,39.6
11/27/06 13:00,42.0
11/27/06 14:00,28.9
11/27/06 15:00,24.9
11/27/06 16:00,0.0
11/27/06 17:00,0.0
11/27/06 18:00,0.0
11/27/06 19:00,0.0
11/27/06 20:00,0.0
11/27/06 21:00,0.0
11/27/06 22:00,0.0
11/27/06 23:00,0.0
11/28/06 00:00,0.0
11/28/06 01:00,0.0
11/28/06 02:00,0.0
11/28/06 03:00,0.0
11/28/06 04:00,0.0
11/28/06 05:00,0.0
11/28/06 06:00,0.0
11/28/06 07:00,0.0
11/28/06 08:00,24.8
11/28/06 09:00,39.7
11/28/06 10:00,27.6
11/28/06 11:00,31.5
11/28/06 12:00,38.1
11/28/06 13:00,30.0
11/28/06 14:00,32.6
11/28/06 15:00,31.0
11/28/06 16:00,0.0
11/28/06 17:00,0.0
11/28/06 18:00,0.0
11/28/06 19:00,0.0
11/28/06 20:00,0.0
11/28/06 21:00,0.0
11/28/06 22:00,0.0
11/28/06 23:00,0.0
11/29/06 00:00,0.0
11/29/06 01:00,0.0
11/29/06 02:00,0.0
11/29/06 03:00,0.0
11/29/06 04:00,0.0
11/29/06 05:00,0.0
11/29/06 06:00,0.0
11/29/06 07:00,0.0
11/29/06 08:00,40.2
11/29/06 09:00,40.3
11/29/06 10:00,39.8
11/29/06 11:00,41.4
11/29/06 12:00,40.5
11/29/06 13:00,47.0
11/29/06 14:00,46.8
11/29/06 15:00,41.0
11/29/06 16:00,0.0
11/29/06 17:00,0.0
11/29/06 18:00,0.0
11/29/06 19:00,0.0
11/29/06 20:00,0.0
11/29/06 21:00,0.0
11/29/06 22:00,0.0
11/29/06 23:00,0.0
11/30/06 00:00,0.0
11/30/06 01:00,0.0
11/30/06 02:00,0.0
11/30/06 03:00,0.0
11/30/06 04:00,0.0
11/30/06 05:00,0.0
11/30/06 06:00,0.0
11/30/06 07:00,0.0
11/30/06 08:00,32.3
11/30/06 09:00,43.4
11/30/06 10:00,45.8
11/30/06 11:00,40.9
11/30/06 12:00,40.4
11/30/06 13:00,48.4
11/30/06 14:00,49.9
11/30/06 15:00,36.2
11/30/06 16:00,0.0
11/30/06 17:00,0.0
11/30/06 18:00,0.0
11/30/06 19:00,0.0
11/30/06 20:00,0.0
11/30/06 21:00,0.0
11/30/06 22:00,0.0
11/30/06 23:00,0.0
12/01/06 00:00,0.0
12/01/06 01:00,0.0
12/01/06 02:00,0.0
12/01/06 03:00,0.0
12/01/06 04:00,0.0
12/01/06 05:00,0.0
12/01/06 06:00,0.0
12/01/06 07:00,0.0
12/01/06 08:00,24.5
12/01/06 09:00,46.9
12/01/06 10:00,44.3
12/01/06 11:00,36.3
12/01/06 12:00,43.9
12/01/06 13:00,34.7
12/01/06 14:00,33.8
12/01/06 15:00,31.2
12/01/06 16:00,0.0
12/01/06 17:00,0.0
12/01/06 18:00,0.0
12/01/06 19:00,0.0
12/01/06 20:00,0.0
12/01/06 21:00,0.0
12/01/06 22:00,0.0
12/01/06 23:00,0.0
12/02/06 00:00,0.0
12/02/06 01:00,0.0
12/02/06 02:00,0.0
12/02/06 03:00,0.0
12/02/06 04:00,0.0
12/02/06 05:00,0.0
12/02/06 06:00,0.0
12/02/06 07:00,0.0
12/02/06 08:00,30.2
12/02/06 09:00,43.3
12/02/06 10:00,37.1
12/02/06 11:00,34.7
12/02/06 12:00,36.8
12/02/06 13:00,48.5
12/02/06 14:00,44.3
12/02/06 15:00,33.6
12/02/06 16:00,0.0
12/02/06 17:00,0.0
12/02/06 18:00,0.0
12/02/06 19:00,0.0
12/02/06 20:00,0.0
12/02/06 21:00,0.0
12/02/06 22:00,0.0
12/02/06 23:00,0.0
12/03/06 00:00,0.0
12/03/06 01:00,0.0
12/03/06 02:00,0.0
12/03/06 03:00,0.0
12/03/06 04:00,0.0
12/03/06 05:00,0.0
12/03/06 06:00,0.0
12/03/06 07:00,0.0
12/03/06 08:00,31.5
12/03/06 09:00,46.8
12/03/06 10:00,41.5
12/03/06 11:00,34.7
12/03/06 12:00,37.1
12/03/06 13:00,47.0
12/03/06 14:00,48.3
12/03/06 15:00,30.0
12/03/06 16:00,0.0
12/03/06 17:00,0.0
12/03/06 18:00,0.0
12/03/06 19:00,0.0
12/03/06 20:00,0.0
12/03/06 21:00,0.0
12/03/06 22:00,0.0
12/03/06 23:00,0.0
12/04/06 00:00,0.0
12/04/06 01:00,0.0
12/04/06 02:00,0.0
12/04/06 03:00,0.0
12/04/06 04:00,0.0
12/04/06 05:00,0.0
12/04/06 06:00,0.0
12/04/06 07:00,0.0
12/04/06 08:00,24.1
12/04/06 09:00,40.1
12/04/06 10:00,35.5
12/04/06 11:00,29.9
12/04/06 12:00,32.3
12/04/06 13:00,33.6
12/04/06 14:00,32.6
12/04/06 15:00,28.0
12/04/06 16:00,0.0
12/04/06 17:00,0.0
12/04/06 18:00,0.0
12/04/06 19:00,0.0
12/04/06 20:00,0.0
12/04/06 21:00,0.0
12/04/06 22:00,0.0
12/04/06 23:00,0.0
12/05/06 00:00,0.0
12/05/06 01:00,0.0
12/05/06 02:00,0.0
12/05/06 03:00,0.0
12/05/06 04:00,0.0
12/05/06 05:00,0.0
12/05/06 06:00,0.0
12/05/06 07:00,0.0
12/05/06 08:00,0.4
12/05/06 09:00,19.9
12/05/06 10:00,21.1
12/05/06 11:00,30.0
12/05/06 12:00,31.5
12/05/06 13:00,32.4
12/05/06 14:00,29.9
12/05/06 15:00,27.8
12/05/06 16:00,0.0
12/05/06 17:00,0.0
12/05/06 18:00,0.0
12/05/06 19:00,0.0
12/05/06 20:00,0.0
12/05/06 21:00,0.0
12/05/06 22:00,0.0
12/05/06 23:00,0.0
12/06/06 00:00,0.0
12/06/06 01:00,0.0
12/06/06 02:00,0.0
12/06/06 03:00,0.0
12/06/06 04:00,0.0
12/06/06 05:00,0.0
12/06/06 06:00,0.0
12/06/06 07:00,0.0
12/06/06 08:00,29.3
12/06/06 09:00,43.5
12/06/06 10:00,37.6
12/06/06 11:00,30.5
12/06/06 12:00,31.1
12/06/06 13:00,35.9
12/06/06 14:00,37.2
12/06/06 15:00,24.6
12/06/06 16:00,0.0
12/06/06 17:00,0.0
12/06/06 18:00,0.0
12/06/06 19:00,0.0
12/06/06 20:00,0.0
12/06/06 21:00,0.0
12/06/06 22:00,0.0
12/06/06 23:00,0.0
12/07/06 00:00,0.0
12/07/06 01:00,0.0
12/07/06 02:00,0.0
12/07/06 03:00,0.0
12/07/06 04:00,0.0
12/07/06 05:00,0.0
12/07/06 06:00,0.0
12/07/06 07:00,0.0
12/07/06 08:00,27.8
12/07/06 09:00,47.8
12/07/06 10:00,39.4
12/07/06 11:00,35.6
12/07/06 12:00,35.8
12/07/06 13:00,49.5
12/07/06 14:00,47.2
12/07/06 15:00,40.9
12/07/06 16:00,0.0
12/07/06 17:00,0.0
12/07/06 18:00,0.0
12/07/06 19:00,0.0
12/07/06 20:00,0.0
12/07/06 21:00,0.0
12/07/06 22:00,0.0
12/07/06 23:00,0.0
12/08/06 00:00,0.0
12/08/06 01:00,0.0
12/08/06 02:00,0.0
12/08/06 03:00,0.0
12/08/06 04:00,0.0
12/08/06 05:00,0.0
12/08/06 06:00,0.0
12/08/06 07:00,0.0
12/08/06 08:00,24.9
12/08/06 09:00,40.2
12/08/06 10:00,37.3
12/08/06 11:00,33.3
12/08/06 12:00,39.0
12/08/06 13:00,47.3
12/08/06 14:00,47.4
12/08/06 15:00,39.2
12/08/06 16:00,0.0
12/08/06 17:00,0.0
12/08/06 18:00,0.0
12/08/06 19:00,0.0
12/08/06 20:00,0.0
12/08/06 21:00,0.0
12/08/06 22:00,0.0
12/08/06 23:00,0.0
12/09/06 00:00,0.0
12/09/06 01:00,0.0
12/09/06 02:00,0.0
12/09/06 03:00,0.0
12/09/06 04:00,0.0
12/09/06 05:00,0.0
12/09/06 06:00,0.0
12/09/06 07:00,0.0
12/09/06 08:00,22.3
12/09/06 09:00,38.0
12/09/06 10:00,35.3
12/09/06 11:00,30.9
12/09/06 12:00,34.1
12/09/06 13:00,41.7
12/09/06 14:00,47.4
12/09/06 15:00,37.3
12/09/06 16:00,0.0
12/09/06 17:00,0.0
12/09/06 18:00,0.0
12/09/06 19:00,0.0
12/09/06 20:00,0.0
12/09/06 21:00,0.0
12/09/06 22:00,0.0
12/09/06 23:00,0.0
12/10/06 00:00,0.0
12/10/06 01:00,0.0
12/10/06 02:00,0.0
12/10/06 03:00,0.0
12/10/06 04:00,0.0
12/10/06 05:00,0.0
12/10/06 06:00,0.0
12/10/06 07:00,0.0
12/10/06 08:00,23.0
12/10/06 09:00,40.3
12/10/06 10:00,37.8
12/10/06 11:00,33.2
12/10/06 12:00,38.6
12/10/06 13:00,46.8
12/10/06 14:00,49.2
12/10/06 15:00,38.8
12/10/06 16:00,0.0
12/10/06 17:00,0.0
12/10/06 18:00,0.0
12/10/06 19:00,0.0
12/10/06 20:00,0.0
12/10/06 21:00,0.0
12/10/06 22:00,0.0
12/10/06 23:00,0.0
12/11/06 00:00,0.0
12/11/06 01:00,0.0
12/11/06 02:00,0.0
12/11/06 03:00,0.0
12/11/06 04:00,0.0
12/11/06 05:00,0.0
12/11/06 06:00,0.0
12/11/06 07:00,0.0
12/11/06 08:00,0.0
12/11/06 09:00,12.5
12/11/06 10:00,18.7
12/11/06 11:00,23.2
12/11/06 12:00,36.6
12/11/06 13:00,32.5
12/11/06 14:00,18.8
12/11/06 15:00,22.0
12/11/06 16:00,0.0
12/11/06 17:00,0.0
12/11/06 18:00,0.0
12/11/06 19:00,0.0
12/11/06 20:00,0.0
12/11/06 21:00,0.0
12/11/06 22:00,0.0
12/11/06 23:00,0.0
12/12/06 00:00,0.0
12/12/06 01:00,0.0
12/12/06 02:00,0.0
12/12/06 03:00,0.0
12/12/06 04:00,0.0
12/12/06 05:00,0.0
12/12/06 06:00,0.0
12/12/06 07:00,0.0
12/12/06 08:00,25.8
12/12/06 09:00,41.0
12/12/06 10:00,36.4
12/12/06 11:00,33.1
12/12/06 12:00,36.9
12/12/06 13:00,35.2
12/12/06 14:00,44.8
12/12/06 15:00,36.7
12/12/06 16:00,0.0
12/12/06 17:00,0.0
12/12/06 18:00,0.0
12/12/06 19:00,0.0
12/12/06 20:00,0.0
12/12/06 21:00,0.0
12/12/06 22:00,0.0
12/12/06 23:00,0.0
12/13/06 00:00,0.0
12/13/06 01:00,0.0
12/13/06 02:00,0.0
12/13/06 03:00,0.0
12/13/06 04:00,0.0
12/13/06 05:00,0.0
12/13/06 06:00,0.0
12/13/06 07:00,0.0
12/13/06 08:00,22.0
12/13/06 09:00,39.6
12/13/06 10:00,37.6
12/13/06 11:00,30.6
12/13/06 12:00,30.8
12/13/06 13:00,32.8
12/13/06 14:00,36.6
12/13/06 15:00,24.4
12/13/06 16:00,0.0
12/13/06 17:00,0.0
12/13/06 18:00,0.0
12/13/06 19:00,0.0
12/13/06 20:00,0.0
12/13/06 21:00,0.0
12/13/06 22:00,0.0
12/13/06 23:00,0.0
12/14/06 00:00,0.0
12/14/06 01:00,0.0
12/14/06 02:00,0.0
12/14/06 03:00,0.0
12/14/06 04:00,0.0
12/14/06 05:00,0.0
12/14/06 06:00,0.0
12/14/06 07:00,0.0
12/14/06 08:00,21.2
12/14/06 09:00,23.7
12/14/06 10:00,32.0
12/14/06 11:00,34.0
12/14/06 12:00,36.0
12/14/06 13:00,43.1
12/14/06 14:00,46.4
12/14/06 15:00,40.4
12/14/06 16:00,0.0
12/14/06 17:00,0.0
12/14/06 18:00,0.0
12/14/06 19:00,0.0
12/14/06 20:00,0.0
12/14/06 21:00,0.0
12/14/06 22:00,0.0
12/14/06 23:00,0.0
12/15/06 00:00,0.0
12/15/06 01:00,0.0
12/15/06 02:00,0.0
12/15/06 03:00,0.0
12/15/06 04:00,0.0
12/15/06 05:00,0.0
12/15/06 06:00,0.0
12/15/06 07:00,0.0
12/15/06 08:00,22.4
12/15/06 09:00,37.0
12/15/06 10:00,30.6
12/15/06 11:00,14.7
12/15/06 12:00,11.8
12/15/06 13:00,10.1
12/15/06 14:00,16.7
12/15/06 15:00,20.4
12/15/06 16:00,0.0
12/15/06 17:00,0.0
12/15/06 18:00,0.0
12/15/06 19:00,0.0
12/15/06 20:00,0.0
12/15/06 21:00,0.0
12/15/06 22:00,0.0
12/15/06 23:00,0.0
12/16/06 00:00,0.0
12/16/06 01:00,0.0
12/16/06 02:00,0.0
12/16/06 03:00,0.0
12/16/06 04:00,0.0
12/16/06 05:00,0.0
12/16/06 06:00,0.0
12/16/06 07:00,0.0
12/16/06 08:00,24.5
12/16/06 09:00,37.7
12/16/06 10:00,36.3
12/16/06 11:00,35.5
12/16/06 12:00,34.6
12/16/06 13:00,33.7
12/16/06 14:00,39.9
12/16/06 15:00,28.6
12/16/06 16:00,0.0
12/16/06 17:00,0.0
12/16/06 18:00,0.0
12/16/06 19:00,0.0
12/16/06 20:00,0.0
12/16/06 21:00,0.0
12/16/06 22:00,0.0
12/16/06 23:00,0.0
12/17/06 00:00,0.0
12/17/06 01:00,0.0
12/17/06 02:00,0.0
12/17/06 03:00,0.0
12/17/06 04:00,0.0
12/17/06 05:00,0.0
12/17/06 06:00,0.0
12/17/06 07:00,0.0
12/17/06 08:00,0.0
12/17/06 09:00,0.5
12/17/06 10:00,1.7
12/17/06 11:00,11.7
12/17/06 12:00,17.0
12/17/06 13:00,16.9
12/17/06 14:00,13.6
12/17/06 15:00,19.1
12/17/06 16:00,0.0
12/17/06 17:00,0.0
12/17/06 18:00,0.0
12/17/06 19:00,0.0
12/17/06 20:00,0.0
12/17/06 21:00,0.0
12/17/06 22:00,0.0
12/17/06 23:00,0.0
12/18/06 00:00,0.0
12/18/06 01:00,0.0
12/18/06 02:00,0.0
12/18/06 03:00,0.0
12/18/06 04:00,0.0
12/18/06 05:00,0.0
12/18/06 06:00,0.0
12/18/06 07:00,0.0
12/18/06 08:00,23.3
12/18/06 09:00,42.4
12/18/06 10:00,41.3
12/18/06 11:00,36.8
12/18/06 12:00,40.9
12/18/06 13:00,49.6
12/18/06 14:00,49.7
12/18/06 15:00,39.4
12/18/06 16:00,0.0
12/18/06 17:00,0.0
12/18/06 18:00,0.0
12/18/06 19:00,0.0
12/18/06 20:00,0.0
12/18/06 21:00,0.0
12/18/06 22:00,0.0
12/18/06 23:00,0.0
12/19/06 00:00,0.0
12/19/06 01:00,0.0
12/19/06 02:00,0.0
12/19/06 03:00,0.0
12/19/06 04:00,0.0
12/19/06 05:00,0.0
12/19/06 06:00,0.0
12/19/06 07:00,0.0
12/19/06 08:00,24.5
12/19/06 09:00,43.7
12/19/06 10:00,38.1
12/19/06 11:00,32.8
12/19/06 12:00,37.7
12/19/06 13:00,47.9
12/19/06 14:00,43.3
12/19/06 15:00,38.8
12/19/06 16:00,0.0
12/19/06 17:00,0.0
12/19/06 18:00,0.0
12/19/06 19:00,0.0
12/19/06 20:00,0.0
12/19/06 21:00,0.0
12/19/06 22:00,0.0
12/19/06 23:00,0.0
12/20/06 00:00,0.0
12/20/06 01:00,0.0
12/20/06 02:00,0.0
12/20/06 03:00,0.0
12/20/06 04:00,0.0
12/20/06 05:00,0.0
12/20/06 06:00,0.0
12/20/06 07:00,0.0
12/20/06 08:00,0.0
12/20/06 09:00,7.3
12/20/06 10:00,14.1
12/20/06 11:00,22.4
12/20/06 12:00,25.2
12/20/06 13:00,14.1
12/20/06 14:00,3.6
12/20/06 15:00,11.5
12/20/06 16:00,0.0
12/20/06 17:00,0.0
12/20/06 18:00,0.0
12/20/06 19:00,0.0
12/20/06 20:00,0.0
12/20/06 21:00,0.0
12/20/06 22:00,0.0
12/20/06 23:00,0.0
12/21/06 00:00,0.0
12/21/06 01:00,0.0
12/21/06 02:00,0.0
12/21/06 03:00,0.0
12/21/06 04:00,0.0
12/21/06 05:00,0.0
12/21/06 06:00,0.0
12/21/06 07:00,0.0
12/21/06 08:00,0.0
12/21/06 09:00,6.4
12/21/06 10:00,16.2
12/21/06 11:00,23.8
12/21/06 12:00,24.2
12/21/06 13:00,36.4
12/21/06 14:00,33.5
12/21/06 15:00,28.4
12/21/06 16:00,0.0
12/21/06 17:00,0.0
12/21/06 18:00,0.0
12/21/06 19:00,0.0
12/21/06 20:00,0.0
12/21/06 21:00,0.0
12/21/06 22:00,0.0
12/21/06 23:00,0.0
12/22/06 00:00,0.0
12/22/06 01:00,0.0
12/22/06 02:00,0.0
12/22/06 03:00,0.0
12/22/06 04:00,0.0
12/22/06 05:00,0.0
12/22/06 06:00,0.0
12/22/06 07:00,0.0
12/22/06 08:00,22.6
12/22/06 09:00,42.5
12/22/06 10:00,42.8
12/22/06 11:00,35.9
12/22/06 12:00,36.3
12/22/06 13:00,35.5
12/22/06 14:00,37.5
12/22/06 15:00,25.7
12/22/06 16:00,0.0
12/22/06 17:00,0.0
12/22/06 18:00,0.0
12/22/06 19:00,0.0
12/22/06 20:00,0.0
12/22/06 21:00,0.0
12/22/06 22:00,0.0
12/22/06 23:00,0.0
12/23/06 00:00,0.0
12/23/06 01:00,0.0
12/23/06 02:00,0.0
12/23/06 03:00,0.0
12/23/06 04:00,0.0
12/23/06 05:00,0.0
12/23/06 06:00,0.0
12/23/06 07:00,0.0
12/23/06 08:00,25.7
12/23/06 09:00,43.3
12/23/06 10:00,43.1
12/23/06 11:00,36.1
12/23/06 12:00,39.1
12/23/06 13:00,41.9
12/23/06 14:00,48.1
12/23/06 15:00,39.9
12/23/06 16:00,0.0
12/23/06 17:00,0.0
12/23/06 18:00,0.0
12/23/06 19:00,0.0
12/23/06 20:00,0.0
12/23/06 21:00,0.0
12/23/06 22:00,0.0
12/23/06 23:00,0.0
12/24/06 00:00,0.0
12/24/06 01:00,0.0
12/24/06 02:00,0.0
12/24/06 03:00,0.0
12/24/06 04:00,0.0
12/24/06 05:00,0.0
12/24/06 06:00,0.0
12/24/06 07:00,0.0
12/24/06 08:00,0.0
12/24/06 09:00,3.5
12/24/06 10:00,15.3
12/24/06 11:00,19.7
12/24/06 12:00,34.9
12/24/06 13:00,40.7
12/24/06 14:00,50.0
12/24/06 15:00,40.4
12/24/06 16:00,0.0
12/24/06 17:00,0.0
12/24/06 18:00,0.0
12/24/06 19:00,0.0
12/24/06 20:00,0.0
12/24/06 21:00,0.0
12/24/06 22:00,0.0
12/24/06 23:00,0.0
12/25/06 00:00,0.0
12/25/06 01:00,0.0
12/25/06 02:00,0.0
12/25/06 03:00,0.0
12/25/06 04:00,0.0
12/25/06 05:00,0.0
12/25/06 06:00,0.0
12/25/06 07:00,0.0
12/25/06 08:00,23.5
12/25/06 09:00,35.6
12/25/06 10:00,36.1
12/25/06 11:00,32.4
12/25/06 12:00,31.2
12/25/06 13:00,34.7
12/25/06 14:00,31.1
12/25/06 15:00,26.7
12/25/06 16:00,0.0
12/25/06 17:00,0.0
12/25/06 18:00,0.0
12/25/06 19:00,0.0
12/25/06 20:00,0.0
12/25/06 21:00,0.0
12/25/06 22:00,0.0
12/25/06 23:00,0.0
12/26/06 00:00,0.0
12/26/06 01:00,0.0
12/26/06 02:00,0.0
12/26/06 03:00,0.0
12/26/06 04:00,0.0
12/26/06 05:00,0.0
12/26/06 06:00,0.0
12/26/06 07:00,0.0
12/26/06 08:00,9.8
12/26/06 09:00,27.6
12/26/06 10:00,29.8
12/26/06 11:00,25.9
12/26/06 12:00,24.1
12/26/06 13:00,36.4
12/26/06 14:00,38.9
12/26/06 15:00,0.0
12/26/06 16:00,0.0
12/26/06 17:00,0.0
12/26/06 18:00,0.0
12/26/06 19:00,0.0
12/26/06 20:00,0.0
12/26/06 21:00,0.0
12/26/06 22:00,0.0
12/26/06 23:00,0.0
12/27/06 00:00,0.0
12/27/06 01:00,0.0
12/27/06 02:00,0.0
12/27/06 03:00,0.0
12/27/06 04:00,0.0
12/27/06 05:00,0.0
12/27/06 06:00,0.0
12/27/06 07:00,0.0
12/27/06 08:00,0.0
12/27/06 09:00,0.1
12/27/06 10:00,16.6
12/27/06 11:00,23.2
12/27/06 12:00,10.6
12/27/06 13:00,16.0
12/27/06 14:00,28.8
12/27/06 15:00,27.9
12/27/06 16:00,0.0
12/27/06 17:00,0.0
12/27/06 18:00,0.0
12/27/06 19:00,0.0
12/27/06 20:00,0.0
12/27/06 21:00,0.0
12/27/06 22:00,0.0
12/27/06 23:00,0.0
12/28/06 00:00,0.0
12/28/06 01:00,0.0
12/28/06 02:00,0.0
12/28/06 03:00,0.0
12/28/06 04:00,0.0
12/28/06 05:00,0.0
12/28/06 06:00,0.0
12/28/06 07:00,0.0
12/28/06 08:00,0.0
12/28/06 09:00,0.1
12/28/06 10:00,1.2
12/28/06 11:00,6.6
12/28/06 12:00,11.0
12/28/06 13:00,8.7
12/28/06 14:00,2.8
12/28/06 15:00,0.3
12/28/06 16:00,0.0
12/28/06 17:00,0.0
12/28/06 18:00,0.0
12/28/06 19:00,0.0
12/28/06 20:00,0.0
12/28/06 21:00,0.0
12/28/06 22:00,0.0
12/28/06 23:00,0.0
12/29/06 00:00,0.0
12/29/06 01:00,0.0
12/29/06 02:00,0.0
12/29/06 03:00,0.0
12/29/06 04:00,0.0
12/29/06 05:00,0.0
12/29/06 06:00,0.0
12/29/06 07:00,0.0
12/29/06 08:00,0.0
12/29/06 09:00,10.8
12/29/06 10:00,30.6
12/29/06 11:00,32.8
12/29/06 12:00,26.5
12/29/06 13:00,31.5
12/29/06 14:00,21.6
12/29/06 15:00,20.7
12/29/06 16:00,0.0
12/29/06 17:00,0.0
12/29/06 18:00,0.0
12/29/06 19:00,0.0
12/29/06 20:00,0.0
12/29/06 21:00,0.0
12/29/06 22:00,0.0
12/29/06 23:00,0.0
12/30/06 00:00,0.0
12/30/06 01:00,0.0
12/30/06 02:00,0.0
12/30/06 03:00,0.0
12/30/06 04:00,0.0
12/30/06 05:00,0.0
12/30/06 06:00,0.0
12/30/06 07:00,0.0
12/30/06 08:00,0.0
12/30/06 09:00,13.4
12/30/06 10:00,19.9
12/30/06 11:00,24.9
12/30/06 12:00,26.3
12/30/06 13:00,21.5
12/30/06 14:00,20.1
12/30/06 15:00,14.7
12/30/06 16:00,0.0
12/30/06 17:00,0.0
12/30/06 18:00,0.0
12/30/06 19:00,0.0
12/30/06 20:00,0.0
12/30/06 21:00,0.0
12/30/06 22:00,0.0
12/30/06 23:00,0.0
12/31/06 00:00,0.0
12/31/06 01:00,0.0
12/31/06 02:00,0.0
12/31/06 03:00,0.0
12/31/06 04:00,0.0
12/31/06 05:00,0.0
12/31/06 06:00,0.0
12/31/06 07:00,0.0
12/31/06 08:00,21.8
12/31/06 09:00,38.8
12/31/06 10:00,36.6
12/31/06 11:00,31.1
12/31/06 12:00,34.4
12/31/06 13:00,40.7
12/31/06 14:00,48.0
12/31/06 15:00,41.4
12/31/06 16:00,0.0
12/31/06 17:00,0.0
12/31/06 18:00,0.0
12/31/06 19:00,0.0
12/31/06 20:00,0.0
12/31/06 21:00,0.0
12/31/06 22:00,0.0
12/31/06 23:00,0.0
