LocalTime,Power(MW)
01/01/06 00:00,0.0
01/01/06 01:00,0.0
01/01/06 02:00,0.0
01/01/06 03:00,0.0
01/01/06 04:00,0.0
01/01/06 05:00,0.0
01/01/06 06:00,0.0
01/01/06 07:00,0.0
01/01/06 08:00,0.0
01/01/06 09:00,0.0
01/01/06 10:00,0.0
01/01/06 11:00,0.0
01/01/06 12:00,0.0
01/01/06 13:00,0.0
01/01/06 14:00,0.0
01/01/06 15:00,0.0
01/01/06 16:00,0.0
01/01/06 17:00,0.0
01/01/06 18:00,0.0
01/01/06 19:00,0.0
01/01/06 20:00,0.0
01/01/06 21:00,0.0
01/01/06 22:00,0.0
01/01/06 23:00,0.0
01/02/06 00:00,0.0
01/02/06 01:00,0.0
01/02/06 02:00,0.0
01/02/06 03:00,0.0
01/02/06 04:00,0.0
01/02/06 05:00,0.0
01/02/06 06:00,0.0
01/02/06 07:00,0.0
01/02/06 08:00,23.4
01/02/06 09:00,32.9
01/02/06 10:00,15.0
01/02/06 11:00,19.3
01/02/06 12:00,9.0
01/02/06 13:00,1.0
01/02/06 14:00,0.3
01/02/06 15:00,0.0
01/02/06 16:00,0.0
01/02/06 17:00,0.0
01/02/06 18:00,0.0
01/02/06 19:00,0.0
01/02/06 20:00,0.0
01/02/06 21:00,0.0
01/02/06 22:00,0.0
01/02/06 23:00,0.0
01/03/06 00:00,0.0
01/03/06 01:00,0.0
01/03/06 02:00,0.0
01/03/06 03:00,0.0
01/03/06 04:00,0.0
01/03/06 05:00,0.0
01/03/06 06:00,0.0
01/03/06 07:00,0.0
01/03/06 08:00,0.0
01/03/06 09:00,15.6
01/03/06 10:00,1.6
01/03/06 11:00,35.8
01/03/06 12:00,32.4
01/03/06 13:00,1.1
01/03/06 14:00,0.3
01/03/06 15:00,0.0
01/03/06 16:00,0.0
01/03/06 17:00,0.0
01/03/06 18:00,0.0
01/03/06 19:00,0.0
01/03/06 20:00,0.0
01/03/06 21:00,0.0
01/03/06 22:00,0.0
01/03/06 23:00,0.0
01/04/06 00:00,0.0
01/04/06 01:00,0.0
01/04/06 02:00,0.0
01/04/06 03:00,0.0
01/04/06 04:00,0.0
01/04/06 05:00,0.0
01/04/06 06:00,0.0
01/04/06 07:00,0.0
01/04/06 08:00,23.1
01/04/06 09:00,44.1
01/04/06 10:00,36.1
01/04/06 11:00,12.0
01/04/06 12:00,4.3
01/04/06 13:00,13.9
01/04/06 14:00,13.6
01/04/06 15:00,0.1
01/04/06 16:00,0.0
01/04/06 17:00,0.0
01/04/06 18:00,0.0
01/04/06 19:00,0.0
01/04/06 20:00,0.0
01/04/06 21:00,0.0
01/04/06 22:00,0.0
01/04/06 23:00,0.0
01/05/06 00:00,0.0
01/05/06 01:00,0.0
01/05/06 02:00,0.0
01/05/06 03:00,0.0
01/05/06 04:00,0.0
01/05/06 05:00,0.0
01/05/06 06:00,0.0
01/05/06 07:00,0.0
01/05/06 08:00,24.1
01/05/06 09:00,1.1
01/05/06 10:00,0.7
01/05/06 11:00,23.4
01/05/06 12:00,40.0
01/05/06 13:00,47.1
01/05/06 14:00,50.6
01/05/06 15:00,41.6
01/05/06 16:00,29.4
01/05/06 17:00,0.0
01/05/06 18:00,0.0
01/05/06 19:00,0.0
01/05/06 20:00,0.0
01/05/06 21:00,0.0
01/05/06 22:00,0.0
01/05/06 23:00,0.0
01/06/06 00:00,0.0
01/06/06 01:00,0.0
01/06/06 02:00,0.0
01/06/06 03:00,0.0
01/06/06 04:00,0.0
01/06/06 05:00,0.0
01/06/06 06:00,0.0
01/06/06 07:00,0.0
01/06/06 08:00,24.2
01/06/06 09:00,22.7
01/06/06 10:00,50.6
01/06/06 11:00,38.5
01/06/06 12:00,20.0
01/06/06 13:00,12.0
01/06/06 14:00,50.2
01/06/06 15:00,43.9
01/06/06 16:00,30.9
01/06/06 17:00,0.0
01/06/06 18:00,0.0
01/06/06 19:00,0.0
01/06/06 20:00,0.0
01/06/06 21:00,0.0
01/06/06 22:00,0.0
01/06/06 23:00,0.0
01/07/06 00:00,0.0
01/07/06 01:00,0.0
01/07/06 02:00,0.0
01/07/06 03:00,0.0
01/07/06 04:00,0.0
01/07/06 05:00,0.0
01/07/06 06:00,0.0
01/07/06 07:00,0.0
01/07/06 08:00,25.2
01/07/06 09:00,46.7
01/07/06 10:00,16.7
01/07/06 11:00,47.0
01/07/06 12:00,45.1
01/07/06 13:00,49.6
01/07/06 14:00,53.0
01/07/06 15:00,44.4
01/07/06 16:00,31.4
01/07/06 17:00,0.0
01/07/06 18:00,0.0
01/07/06 19:00,0.0
01/07/06 20:00,0.0
01/07/06 21:00,0.0
01/07/06 22:00,0.0
01/07/06 23:00,0.0
01/08/06 00:00,0.0
01/08/06 01:00,0.0
01/08/06 02:00,0.0
01/08/06 03:00,0.0
01/08/06 04:00,0.0
01/08/06 05:00,0.0
01/08/06 06:00,0.0
01/08/06 07:00,0.0
01/08/06 08:00,25.5
01/08/06 09:00,55.0
01/08/06 10:00,54.1
01/08/06 11:00,44.7
01/08/06 12:00,42.9
01/08/06 13:00,39.5
01/08/06 14:00,48.5
01/08/06 15:00,42.5
01/08/06 16:00,30.4
01/08/06 17:00,0.0
01/08/06 18:00,0.0
01/08/06 19:00,0.0
01/08/06 20:00,0.0
01/08/06 21:00,0.0
01/08/06 22:00,0.0
01/08/06 23:00,0.0
01/09/06 00:00,0.0
01/09/06 01:00,0.0
01/09/06 02:00,0.0
01/09/06 03:00,0.0
01/09/06 04:00,0.0
01/09/06 05:00,0.0
01/09/06 06:00,0.0
01/09/06 07:00,0.0
01/09/06 08:00,23.7
01/09/06 09:00,54.9
01/09/06 10:00,50.2
01/09/06 11:00,25.5
01/09/06 12:00,6.2
01/09/06 13:00,35.1
01/09/06 14:00,33.8
01/09/06 15:00,17.7
01/09/06 16:00,29.9
01/09/06 17:00,0.0
01/09/06 18:00,0.0
01/09/06 19:00,0.0
01/09/06 20:00,0.0
01/09/06 21:00,0.0
01/09/06 22:00,0.0
01/09/06 23:00,0.0
01/10/06 00:00,0.0
01/10/06 01:00,0.0
01/10/06 02:00,0.0
01/10/06 03:00,0.0
01/10/06 04:00,0.0
01/10/06 05:00,0.0
01/10/06 06:00,0.0
01/10/06 07:00,0.0
01/10/06 08:00,23.3
01/10/06 09:00,24.8
01/10/06 10:00,1.2
01/10/06 11:00,43.0
01/10/06 12:00,43.6
01/10/06 13:00,45.4
01/10/06 14:00,49.7
01/10/06 15:00,42.8
01/10/06 16:00,30.9
01/10/06 17:00,0.0
01/10/06 18:00,0.0
01/10/06 19:00,0.0
01/10/06 20:00,0.0
01/10/06 21:00,0.0
01/10/06 22:00,0.0
01/10/06 23:00,0.0
01/11/06 00:00,0.0
01/11/06 01:00,0.0
01/11/06 02:00,0.0
01/11/06 03:00,0.0
01/11/06 04:00,0.0
01/11/06 05:00,0.0
01/11/06 06:00,0.0
01/11/06 07:00,0.0
01/11/06 08:00,23.5
01/11/06 09:00,52.1
01/11/06 10:00,48.2
01/11/06 11:00,5.2
01/11/06 12:00,4.4
01/11/06 13:00,1.4
01/11/06 14:00,0.4
01/11/06 15:00,0.1
01/11/06 16:00,0.0
01/11/06 17:00,0.0
01/11/06 18:00,0.0
01/11/06 19:00,0.0
01/11/06 20:00,0.0
01/11/06 21:00,0.0
01/11/06 22:00,0.0
01/11/06 23:00,0.0
01/12/06 00:00,0.0
01/12/06 01:00,0.0
01/12/06 02:00,0.0
01/12/06 03:00,0.0
01/12/06 04:00,0.0
01/12/06 05:00,0.0
01/12/06 06:00,0.0
01/12/06 07:00,0.0
01/12/06 08:00,18.0
01/12/06 09:00,0.3
01/12/06 10:00,0.8
01/12/06 11:00,42.9
01/12/06 12:00,42.4
01/12/06 13:00,46.6
01/12/06 14:00,50.6
01/12/06 15:00,44.2
01/12/06 16:00,31.2
01/12/06 17:00,0.0
01/12/06 18:00,0.0
01/12/06 19:00,0.0
01/12/06 20:00,0.0
01/12/06 21:00,0.0
01/12/06 22:00,0.0
01/12/06 23:00,0.0
01/13/06 00:00,0.0
01/13/06 01:00,0.0
01/13/06 02:00,0.0
01/13/06 03:00,0.0
01/13/06 04:00,0.0
01/13/06 05:00,0.0
01/13/06 06:00,0.0
01/13/06 07:00,0.0
01/13/06 08:00,24.5
01/13/06 09:00,56.4
01/13/06 10:00,53.6
01/13/06 11:00,39.3
01/13/06 12:00,37.1
01/13/06 13:00,47.9
01/13/06 14:00,17.1
01/13/06 15:00,0.4
01/13/06 16:00,0.0
01/13/06 17:00,0.0
01/13/06 18:00,0.0
01/13/06 19:00,0.0
01/13/06 20:00,0.0
01/13/06 21:00,0.0
01/13/06 22:00,0.0
01/13/06 23:00,0.0
01/14/06 00:00,0.0
01/14/06 01:00,0.0
01/14/06 02:00,0.0
01/14/06 03:00,0.0
01/14/06 04:00,0.0
01/14/06 05:00,0.0
01/14/06 06:00,0.0
01/14/06 07:00,0.0
01/14/06 08:00,19.2
01/14/06 09:00,50.3
01/14/06 10:00,47.8
01/14/06 11:00,47.0
01/14/06 12:00,14.2
01/14/06 13:00,11.9
01/14/06 14:00,13.9
01/14/06 15:00,1.0
01/14/06 16:00,0.0
01/14/06 17:00,0.0
01/14/06 18:00,0.0
01/14/06 19:00,0.0
01/14/06 20:00,0.0
01/14/06 21:00,0.0
01/14/06 22:00,0.0
01/14/06 23:00,0.0
01/15/06 00:00,0.0
01/15/06 01:00,0.0
01/15/06 02:00,0.0
01/15/06 03:00,0.0
01/15/06 04:00,0.0
01/15/06 05:00,0.0
01/15/06 06:00,0.0
01/15/06 07:00,0.0
01/15/06 08:00,26.8
01/15/06 09:00,52.6
01/15/06 10:00,7.2
01/15/06 11:00,48.6
01/15/06 12:00,46.5
01/15/06 13:00,51.4
01/15/06 14:00,54.2
01/15/06 15:00,47.5
01/15/06 16:00,34.7
01/15/06 17:00,0.0
01/15/06 18:00,0.0
01/15/06 19:00,0.0
01/15/06 20:00,0.0
01/15/06 21:00,0.0
01/15/06 22:00,0.0
01/15/06 23:00,0.0
01/16/06 00:00,0.0
01/16/06 01:00,0.0
01/16/06 02:00,0.0
01/16/06 03:00,0.0
01/16/06 04:00,0.0
01/16/06 05:00,0.0
01/16/06 06:00,0.0
01/16/06 07:00,0.0
01/16/06 08:00,26.8
01/16/06 09:00,55.7
01/16/06 10:00,54.0
01/16/06 11:00,22.0
01/16/06 12:00,48.0
01/16/06 13:00,47.3
01/16/06 14:00,53.8
01/16/06 15:00,41.0
01/16/06 16:00,0.0
01/16/06 17:00,0.0
01/16/06 18:00,0.0
01/16/06 19:00,0.0
01/16/06 20:00,0.0
01/16/06 21:00,0.0
01/16/06 22:00,0.0
01/16/06 23:00,0.0
01/17/06 00:00,0.0
01/17/06 01:00,0.0
01/17/06 02:00,0.0
01/17/06 03:00,0.0
01/17/06 04:00,0.0
01/17/06 05:00,0.0
01/17/06 06:00,0.0
01/17/06 07:00,0.0
01/17/06 08:00,25.3
01/17/06 09:00,16.8
01/17/06 10:00,52.2
01/17/06 11:00,13.9
01/17/06 12:00,4.0
01/17/06 13:00,1.8
01/17/06 14:00,1.0
01/17/06 15:00,0.1
01/17/06 16:00,0.2
01/17/06 17:00,0.0
01/17/06 18:00,0.0
01/17/06 19:00,0.0
01/17/06 20:00,0.0
01/17/06 21:00,0.0
01/17/06 22:00,0.0
01/17/06 23:00,0.0
01/18/06 00:00,0.0
01/18/06 01:00,0.0
01/18/06 02:00,0.0
01/18/06 03:00,0.0
01/18/06 04:00,0.0
01/18/06 05:00,0.0
01/18/06 06:00,0.0
01/18/06 07:00,0.0
01/18/06 08:00,26.0
01/18/06 09:00,2.8
01/18/06 10:00,0.6
01/18/06 11:00,11.2
01/18/06 12:00,48.5
01/18/06 13:00,1.7
01/18/06 14:00,28.6
01/18/06 15:00,44.4
01/18/06 16:00,35.2
01/18/06 17:00,0.0
01/18/06 18:00,0.0
01/18/06 19:00,0.0
01/18/06 20:00,0.0
01/18/06 21:00,0.0
01/18/06 22:00,0.0
01/18/06 23:00,0.0
01/19/06 00:00,0.0
01/19/06 01:00,0.0
01/19/06 02:00,0.0
01/19/06 03:00,0.0
01/19/06 04:00,0.0
01/19/06 05:00,0.0
01/19/06 06:00,0.0
01/19/06 07:00,0.0
01/19/06 08:00,26.4
01/19/06 09:00,0.9
01/19/06 10:00,55.4
01/19/06 11:00,46.6
01/19/06 12:00,18.1
01/19/06 13:00,50.4
01/19/06 14:00,47.8
01/19/06 15:00,47.2
01/19/06 16:00,34.3
01/19/06 17:00,0.0
01/19/06 18:00,0.0
01/19/06 19:00,0.0
01/19/06 20:00,0.0
01/19/06 21:00,0.0
01/19/06 22:00,0.0
01/19/06 23:00,0.0
01/20/06 00:00,0.0
01/20/06 01:00,0.0
01/20/06 02:00,0.0
01/20/06 03:00,0.0
01/20/06 04:00,0.0
01/20/06 05:00,0.0
01/20/06 06:00,0.0
01/20/06 07:00,0.0
01/20/06 08:00,27.0
01/20/06 09:00,49.8
01/20/06 10:00,13.6
01/20/06 11:00,22.2
01/20/06 12:00,46.5
01/20/06 13:00,42.7
01/20/06 14:00,50.3
01/20/06 15:00,45.8
01/20/06 16:00,33.3
01/20/06 17:00,0.0
01/20/06 18:00,0.0
01/20/06 19:00,0.0
01/20/06 20:00,0.0
01/20/06 21:00,0.0
01/20/06 22:00,0.0
01/20/06 23:00,0.0
01/21/06 00:00,0.0
01/21/06 01:00,0.0
01/21/06 02:00,0.0
01/21/06 03:00,0.0
01/21/06 04:00,0.0
01/21/06 05:00,0.0
01/21/06 06:00,0.0
01/21/06 07:00,0.0
01/21/06 08:00,25.3
01/21/06 09:00,18.6
01/21/06 10:00,54.5
01/21/06 11:00,36.1
01/21/06 12:00,27.9
01/21/06 13:00,44.6
01/21/06 14:00,27.6
01/21/06 15:00,33.8
01/21/06 16:00,0.0
01/21/06 17:00,0.0
01/21/06 18:00,0.0
01/21/06 19:00,0.0
01/21/06 20:00,0.0
01/21/06 21:00,0.0
01/21/06 22:00,0.0
01/21/06 23:00,0.0
01/22/06 00:00,0.0
01/22/06 01:00,0.0
01/22/06 02:00,0.0
01/22/06 03:00,0.0
01/22/06 04:00,0.0
01/22/06 05:00,0.0
01/22/06 06:00,0.0
01/22/06 07:00,0.0
01/22/06 08:00,19.0
01/22/06 09:00,44.7
01/22/06 10:00,27.3
01/22/06 11:00,27.7
01/22/06 12:00,29.1
01/22/06 13:00,15.7
01/22/06 14:00,37.3
01/22/06 15:00,2.2
01/22/06 16:00,0.3
01/22/06 17:00,0.0
01/22/06 18:00,0.0
01/22/06 19:00,0.0
01/22/06 20:00,0.0
01/22/06 21:00,0.0
01/22/06 22:00,0.0
01/22/06 23:00,0.0
01/23/06 00:00,0.0
01/23/06 01:00,0.0
01/23/06 02:00,0.0
01/23/06 03:00,0.0
01/23/06 04:00,0.0
01/23/06 05:00,0.0
01/23/06 06:00,0.0
01/23/06 07:00,0.0
01/23/06 08:00,27.2
01/23/06 09:00,26.9
01/23/06 10:00,27.0
01/23/06 11:00,7.4
01/23/06 12:00,11.5
01/23/06 13:00,2.9
01/23/06 14:00,0.7
01/23/06 15:00,0.4
01/23/06 16:00,1.7
01/23/06 17:00,0.0
01/23/06 18:00,0.0
01/23/06 19:00,0.0
01/23/06 20:00,0.0
01/23/06 21:00,0.0
01/23/06 22:00,0.0
01/23/06 23:00,0.0
01/24/06 00:00,0.0
01/24/06 01:00,0.0
01/24/06 02:00,0.0
01/24/06 03:00,0.0
01/24/06 04:00,0.0
01/24/06 05:00,0.0
01/24/06 06:00,0.0
01/24/06 07:00,0.0
01/24/06 08:00,0.0
01/24/06 09:00,0.4
01/24/06 10:00,2.6
01/24/06 11:00,18.8
01/24/06 12:00,22.0
01/24/06 13:00,11.1
01/24/06 14:00,18.2
01/24/06 15:00,39.9
01/24/06 16:00,37.4
01/24/06 17:00,0.0
01/24/06 18:00,0.0
01/24/06 19:00,0.0
01/24/06 20:00,0.0
01/24/06 21:00,0.0
01/24/06 22:00,0.0
01/24/06 23:00,0.0
01/25/06 00:00,0.0
01/25/06 01:00,0.0
01/25/06 02:00,0.0
01/25/06 03:00,0.0
01/25/06 04:00,0.0
01/25/06 05:00,0.0
01/25/06 06:00,0.0
01/25/06 07:00,0.0
01/25/06 08:00,13.3
01/25/06 09:00,13.4
01/25/06 10:00,17.5
01/25/06 11:00,51.6
01/25/06 12:00,51.0
01/25/06 13:00,53.6
01/25/06 14:00,33.3
01/25/06 15:00,47.7
01/25/06 16:00,0.0
01/25/06 17:00,0.0
01/25/06 18:00,0.0
01/25/06 19:00,0.0
01/25/06 20:00,0.0
01/25/06 21:00,0.0
01/25/06 22:00,0.0
01/25/06 23:00,0.0
01/26/06 00:00,0.0
01/26/06 01:00,0.0
01/26/06 02:00,0.0
01/26/06 03:00,0.0
01/26/06 04:00,0.0
01/26/06 05:00,0.0
01/26/06 06:00,0.0
01/26/06 07:00,0.0
01/26/06 08:00,30.3
01/26/06 09:00,63.5
01/26/06 10:00,64.2
01/26/06 11:00,54.8
01/26/06 12:00,51.5
01/26/06 13:00,54.2
01/26/06 14:00,59.5
01/26/06 15:00,50.6
01/26/06 16:00,30.1
01/26/06 17:00,0.0
01/26/06 18:00,0.0
01/26/06 19:00,0.0
01/26/06 20:00,0.0
01/26/06 21:00,0.0
01/26/06 22:00,0.0
01/26/06 23:00,0.0
01/27/06 00:00,0.0
01/27/06 01:00,0.0
01/27/06 02:00,0.0
01/27/06 03:00,0.0
01/27/06 04:00,0.0
01/27/06 05:00,0.0
01/27/06 06:00,0.0
01/27/06 07:00,0.0
01/27/06 08:00,30.4
01/27/06 09:00,60.9
01/27/06 10:00,60.5
01/27/06 11:00,52.6
01/27/06 12:00,51.1
01/27/06 13:00,54.5
01/27/06 14:00,56.9
01/27/06 15:00,50.2
01/27/06 16:00,30.1
01/27/06 17:00,0.0
01/27/06 18:00,0.0
01/27/06 19:00,0.0
01/27/06 20:00,0.0
01/27/06 21:00,0.0
01/27/06 22:00,0.0
01/27/06 23:00,0.0
01/28/06 00:00,0.0
01/28/06 01:00,0.0
01/28/06 02:00,0.0
01/28/06 03:00,0.0
01/28/06 04:00,0.0
01/28/06 05:00,0.0
01/28/06 06:00,0.0
01/28/06 07:00,0.0
01/28/06 08:00,31.4
01/28/06 09:00,64.1
01/28/06 10:00,63.6
01/28/06 11:00,51.7
01/28/06 12:00,50.2
01/28/06 13:00,51.5
01/28/06 14:00,55.2
01/28/06 15:00,45.5
01/28/06 16:00,29.7
01/28/06 17:00,0.0
01/28/06 18:00,0.0
01/28/06 19:00,0.0
01/28/06 20:00,0.0
01/28/06 21:00,0.0
01/28/06 22:00,0.0
01/28/06 23:00,0.0
01/29/06 00:00,0.0
01/29/06 01:00,0.0
01/29/06 02:00,0.0
01/29/06 03:00,0.0
01/29/06 04:00,0.0
01/29/06 05:00,0.0
01/29/06 06:00,0.0
01/29/06 07:00,0.0
01/29/06 08:00,30.0
01/29/06 09:00,61.6
01/29/06 10:00,57.7
01/29/06 11:00,2.2
01/29/06 12:00,4.0
01/29/06 13:00,2.6
01/29/06 14:00,1.4
01/29/06 15:00,0.2
01/29/06 16:00,0.0
01/29/06 17:00,0.0
01/29/06 18:00,0.0
01/29/06 19:00,0.0
01/29/06 20:00,0.0
01/29/06 21:00,0.0
01/29/06 22:00,0.0
01/29/06 23:00,0.0
01/30/06 00:00,0.0
01/30/06 01:00,0.0
01/30/06 02:00,0.0
01/30/06 03:00,0.0
01/30/06 04:00,0.0
01/30/06 05:00,0.0
01/30/06 06:00,0.0
01/30/06 07:00,0.0
01/30/06 08:00,0.0
01/30/06 09:00,0.2
01/30/06 10:00,0.7
01/30/06 11:00,50.3
01/30/06 12:00,47.5
01/30/06 13:00,51.8
01/30/06 14:00,47.3
01/30/06 15:00,39.2
01/30/06 16:00,19.6
01/30/06 17:00,0.0
01/30/06 18:00,0.0
01/30/06 19:00,0.0
01/30/06 20:00,0.0
01/30/06 21:00,0.0
01/30/06 22:00,0.0
01/30/06 23:00,0.0
01/31/06 00:00,0.0
01/31/06 01:00,0.0
01/31/06 02:00,0.0
01/31/06 03:00,0.0
01/31/06 04:00,0.0
01/31/06 05:00,0.0
01/31/06 06:00,0.0
01/31/06 07:00,0.0
01/31/06 08:00,32.2
01/31/06 09:00,63.2
01/31/06 10:00,64.5
01/31/06 11:00,53.6
01/31/06 12:00,5.5
01/31/06 13:00,3.7
01/31/06 14:00,54.2
01/31/06 15:00,51.4
01/31/06 16:00,32.6
01/31/06 17:00,0.0
01/31/06 18:00,0.0
01/31/06 19:00,0.0
01/31/06 20:00,0.0
01/31/06 21:00,0.0
01/31/06 22:00,0.0
01/31/06 23:00,0.0
02/01/06 00:00,0.0
02/01/06 01:00,0.0
02/01/06 02:00,0.0
02/01/06 03:00,0.0
02/01/06 04:00,0.0
02/01/06 05:00,0.0
02/01/06 06:00,0.0
02/01/06 07:00,0.0
02/01/06 08:00,33.1
02/01/06 09:00,51.4
02/01/06 10:00,1.0
02/01/06 11:00,51.1
02/01/06 12:00,51.2
02/01/06 13:00,52.2
02/01/06 14:00,56.0
02/01/06 15:00,49.4
02/01/06 16:00,30.5
02/01/06 17:00,0.0
02/01/06 18:00,0.0
02/01/06 19:00,0.0
02/01/06 20:00,0.0
02/01/06 21:00,0.0
02/01/06 22:00,0.0
02/01/06 23:00,0.0
02/02/06 00:00,0.0
02/02/06 01:00,0.0
02/02/06 02:00,0.0
02/02/06 03:00,0.0
02/02/06 04:00,0.0
02/02/06 05:00,0.0
02/02/06 06:00,0.0
02/02/06 07:00,0.0
02/02/06 08:00,32.6
02/02/06 09:00,62.2
02/02/06 10:00,62.8
02/02/06 11:00,53.7
02/02/06 12:00,50.9
02/02/06 13:00,52.9
02/02/06 14:00,53.1
02/02/06 15:00,30.7
02/02/06 16:00,9.8
02/02/06 17:00,0.0
02/02/06 18:00,0.0
02/02/06 19:00,0.0
02/02/06 20:00,0.0
02/02/06 21:00,0.0
02/02/06 22:00,0.0
02/02/06 23:00,0.0
02/03/06 00:00,0.0
02/03/06 01:00,0.0
02/03/06 02:00,0.0
02/03/06 03:00,0.0
02/03/06 04:00,0.0
02/03/06 05:00,0.0
02/03/06 06:00,0.0
02/03/06 07:00,0.0
02/03/06 08:00,32.5
02/03/06 09:00,64.2
02/03/06 10:00,61.0
02/03/06 11:00,46.7
02/03/06 12:00,47.8
02/03/06 13:00,53.7
02/03/06 14:00,54.5
02/03/06 15:00,49.1
02/03/06 16:00,34.4
02/03/06 17:00,0.1
02/03/06 18:00,0.0
02/03/06 19:00,0.0
02/03/06 20:00,0.0
02/03/06 21:00,0.0
02/03/06 22:00,0.0
02/03/06 23:00,0.0
02/04/06 00:00,0.0
02/04/06 01:00,0.0
02/04/06 02:00,0.0
02/04/06 03:00,0.0
02/04/06 04:00,0.0
02/04/06 05:00,0.0
02/04/06 06:00,0.0
02/04/06 07:00,0.0
02/04/06 08:00,32.1
02/04/06 09:00,57.3
02/04/06 10:00,54.7
02/04/06 11:00,2.6
02/04/06 12:00,4.6
02/04/06 13:00,3.1
02/04/06 14:00,1.1
02/04/06 15:00,0.6
02/04/06 16:00,0.0
02/04/06 17:00,0.0
02/04/06 18:00,0.0
02/04/06 19:00,0.0
02/04/06 20:00,0.0
02/04/06 21:00,0.0
02/04/06 22:00,0.0
02/04/06 23:00,0.0
02/05/06 00:00,0.0
02/05/06 01:00,0.0
02/05/06 02:00,0.0
02/05/06 03:00,0.0
02/05/06 04:00,0.0
02/05/06 05:00,0.0
02/05/06 06:00,0.0
02/05/06 07:00,0.0
02/05/06 08:00,0.1
02/05/06 09:00,0.2
02/05/06 10:00,0.9
02/05/06 11:00,56.1
02/05/06 12:00,55.8
02/05/06 13:00,0.0
02/05/06 14:00,42.9
02/05/06 15:00,49.9
02/05/06 16:00,36.8
02/05/06 17:00,0.0
02/05/06 18:00,0.0
02/05/06 19:00,0.0
02/05/06 20:00,0.0
02/05/06 21:00,0.0
02/05/06 22:00,0.0
02/05/06 23:00,0.0
02/06/06 00:00,0.0
02/06/06 01:00,0.0
02/06/06 02:00,0.0
02/06/06 03:00,0.0
02/06/06 04:00,0.0
02/06/06 05:00,0.0
02/06/06 06:00,0.0
02/06/06 07:00,0.0
02/06/06 08:00,34.5
02/06/06 09:00,67.5
02/06/06 10:00,67.9
02/06/06 11:00,58.8
02/06/06 12:00,56.4
02/06/06 13:00,56.9
02/06/06 14:00,59.7
02/06/06 15:00,57.1
02/06/06 16:00,37.0
02/06/06 17:00,2.1
02/06/06 18:00,0.0
02/06/06 19:00,0.0
02/06/06 20:00,0.0
02/06/06 21:00,0.0
02/06/06 22:00,0.0
02/06/06 23:00,0.0
02/07/06 00:00,0.0
02/07/06 01:00,0.0
02/07/06 02:00,0.0
02/07/06 03:00,0.0
02/07/06 04:00,0.0
02/07/06 05:00,0.0
02/07/06 06:00,0.0
02/07/06 07:00,0.0
02/07/06 08:00,37.0
02/07/06 09:00,67.9
02/07/06 10:00,62.3
02/07/06 11:00,55.0
02/07/06 12:00,54.9
02/07/06 13:00,56.5
02/07/06 14:00,58.0
02/07/06 15:00,55.6
02/07/06 16:00,37.7
02/07/06 17:00,3.3
02/07/06 18:00,0.0
02/07/06 19:00,0.0
02/07/06 20:00,0.0
02/07/06 21:00,0.0
02/07/06 22:00,0.0
02/07/06 23:00,0.0
02/08/06 00:00,0.0
02/08/06 01:00,0.0
02/08/06 02:00,0.0
02/08/06 03:00,0.0
02/08/06 04:00,0.0
02/08/06 05:00,0.0
02/08/06 06:00,0.0
02/08/06 07:00,0.0
02/08/06 08:00,35.0
02/08/06 09:00,64.5
02/08/06 10:00,62.0
02/08/06 11:00,45.4
02/08/06 12:00,52.4
02/08/06 13:00,52.2
02/08/06 14:00,57.3
02/08/06 15:00,57.8
02/08/06 16:00,24.0
02/08/06 17:00,0.0
02/08/06 18:00,0.0
02/08/06 19:00,0.0
02/08/06 20:00,0.0
02/08/06 21:00,0.0
02/08/06 22:00,0.0
02/08/06 23:00,0.0
02/09/06 00:00,0.0
02/09/06 01:00,0.0
02/09/06 02:00,0.0
02/09/06 03:00,0.0
02/09/06 04:00,0.0
02/09/06 05:00,0.0
02/09/06 06:00,0.0
02/09/06 07:00,0.0
02/09/06 08:00,4.8
02/09/06 09:00,50.9
02/09/06 10:00,64.4
02/09/06 11:00,59.5
02/09/06 12:00,56.9
02/09/06 13:00,58.5
02/09/06 14:00,62.8
02/09/06 15:00,60.3
02/09/06 16:00,41.1
02/09/06 17:00,9.4
02/09/06 18:00,0.0
02/09/06 19:00,0.0
02/09/06 20:00,0.0
02/09/06 21:00,0.0
02/09/06 22:00,0.0
02/09/06 23:00,0.0
02/10/06 00:00,0.0
02/10/06 01:00,0.0
02/10/06 02:00,0.0
02/10/06 03:00,0.0
02/10/06 04:00,0.0
02/10/06 05:00,0.0
02/10/06 06:00,0.0
02/10/06 07:00,0.0
02/10/06 08:00,20.2
02/10/06 09:00,60.9
02/10/06 10:00,65.1
02/10/06 11:00,39.3
02/10/06 12:00,50.6
02/10/06 13:00,46.6
02/10/06 14:00,45.5
02/10/06 15:00,34.3
02/10/06 16:00,23.9
02/10/06 17:00,0.9
02/10/06 18:00,0.0
02/10/06 19:00,0.0
02/10/06 20:00,0.0
02/10/06 21:00,0.0
02/10/06 22:00,0.0
02/10/06 23:00,0.0
02/11/06 00:00,0.0
02/11/06 01:00,0.0
02/11/06 02:00,0.0
02/11/06 03:00,0.0
02/11/06 04:00,0.0
02/11/06 05:00,0.0
02/11/06 06:00,0.0
02/11/06 07:00,0.0
02/11/06 08:00,29.9
02/11/06 09:00,41.3
02/11/06 10:00,54.4
02/11/06 11:00,15.3
02/11/06 12:00,6.4
02/11/06 13:00,9.8
02/11/06 14:00,2.7
02/11/06 15:00,0.5
02/11/06 16:00,0.0
02/11/06 17:00,0.0
02/11/06 18:00,0.0
02/11/06 19:00,0.0
02/11/06 20:00,0.0
02/11/06 21:00,0.0
02/11/06 22:00,0.0
02/11/06 23:00,0.0
02/12/06 00:00,0.0
02/12/06 01:00,0.0
02/12/06 02:00,0.0
02/12/06 03:00,0.0
02/12/06 04:00,0.0
02/12/06 05:00,0.0
02/12/06 06:00,0.0
02/12/06 07:00,0.0
02/12/06 08:00,0.2
02/12/06 09:00,0.3
02/12/06 10:00,62.1
02/12/06 11:00,61.1
02/12/06 12:00,44.3
02/12/06 13:00,58.8
02/12/06 14:00,65.0
02/12/06 15:00,63.6
02/12/06 16:00,44.7
02/12/06 17:00,20.2
02/12/06 18:00,0.0
02/12/06 19:00,0.0
02/12/06 20:00,0.0
02/12/06 21:00,0.0
02/12/06 22:00,0.0
02/12/06 23:00,0.0
02/13/06 00:00,0.0
02/13/06 01:00,0.0
02/13/06 02:00,0.0
02/13/06 03:00,0.0
02/13/06 04:00,0.0
02/13/06 05:00,0.0
02/13/06 06:00,0.0
02/13/06 07:00,0.0
02/13/06 08:00,41.4
02/13/06 09:00,72.0
02/13/06 10:00,69.7
02/13/06 11:00,62.5
02/13/06 12:00,61.2
02/13/06 13:00,63.3
02/13/06 14:00,67.3
02/13/06 15:00,65.2
02/13/06 16:00,46.0
02/13/06 17:00,21.4
02/13/06 18:00,0.0
02/13/06 19:00,0.0
02/13/06 20:00,0.0
02/13/06 21:00,0.0
02/13/06 22:00,0.0
02/13/06 23:00,0.0
02/14/06 00:00,0.0
02/14/06 01:00,0.0
02/14/06 02:00,0.0
02/14/06 03:00,0.0
02/14/06 04:00,0.0
02/14/06 05:00,0.0
02/14/06 06:00,0.0
02/14/06 07:00,0.0
02/14/06 08:00,42.1
02/14/06 09:00,70.7
02/14/06 10:00,68.5
02/14/06 11:00,63.0
02/14/06 12:00,50.2
02/14/06 13:00,48.9
02/14/06 14:00,29.3
02/14/06 15:00,34.7
02/14/06 16:00,37.3
02/14/06 17:00,20.9
02/14/06 18:00,0.0
02/14/06 19:00,0.0
02/14/06 20:00,0.0
02/14/06 21:00,0.0
02/14/06 22:00,0.0
02/14/06 23:00,0.0
02/15/06 00:00,0.0
02/15/06 01:00,0.0
02/15/06 02:00,0.0
02/15/06 03:00,0.0
02/15/06 04:00,0.0
02/15/06 05:00,0.0
02/15/06 06:00,0.0
02/15/06 07:00,0.0
02/15/06 08:00,41.8
02/15/06 09:00,69.2
02/15/06 10:00,66.8
02/15/06 11:00,60.9
02/15/06 12:00,57.4
02/15/06 13:00,59.5
02/15/06 14:00,63.2
02/15/06 15:00,61.4
02/15/06 16:00,43.3
02/15/06 17:00,21.5
02/15/06 18:00,0.0
02/15/06 19:00,0.0
02/15/06 20:00,0.0
02/15/06 21:00,0.0
02/15/06 22:00,0.0
02/15/06 23:00,0.0
02/16/06 00:00,0.0
02/16/06 01:00,0.0
02/16/06 02:00,0.0
02/16/06 03:00,0.0
02/16/06 04:00,0.0
02/16/06 05:00,0.0
02/16/06 06:00,0.0
02/16/06 07:00,0.0
02/16/06 08:00,39.3
02/16/06 09:00,68.6
02/16/06 10:00,66.7
02/16/06 11:00,58.1
02/16/06 12:00,55.6
02/16/06 13:00,56.9
02/16/06 14:00,56.1
02/16/06 15:00,54.7
02/16/06 16:00,37.8
02/16/06 17:00,7.6
02/16/06 18:00,0.0
02/16/06 19:00,0.0
02/16/06 20:00,0.0
02/16/06 21:00,0.0
02/16/06 22:00,0.0
02/16/06 23:00,0.0
02/17/06 00:00,0.0
02/17/06 01:00,0.0
02/17/06 02:00,0.0
02/17/06 03:00,0.0
02/17/06 04:00,0.0
02/17/06 05:00,0.0
02/17/06 06:00,0.0
02/17/06 07:00,0.0
02/17/06 08:00,42.9
02/17/06 09:00,60.2
02/17/06 10:00,18.2
02/17/06 11:00,30.0
02/17/06 12:00,36.7
02/17/06 13:00,33.2
02/17/06 14:00,26.4
02/17/06 15:00,36.4
02/17/06 16:00,40.3
02/17/06 17:00,15.2
02/17/06 18:00,0.0
02/17/06 19:00,0.0
02/17/06 20:00,0.0
02/17/06 21:00,0.0
02/17/06 22:00,0.0
02/17/06 23:00,0.0
02/18/06 00:00,0.0
02/18/06 01:00,0.0
02/18/06 02:00,0.0
02/18/06 03:00,0.0
02/18/06 04:00,0.0
02/18/06 05:00,0.0
02/18/06 06:00,0.0
02/18/06 07:00,0.0
02/18/06 08:00,4.9
02/18/06 09:00,26.1
02/18/06 10:00,22.4
02/18/06 11:00,4.8
02/18/06 12:00,13.9
02/18/06 13:00,16.0
02/18/06 14:00,6.6
02/18/06 15:00,10.4
02/18/06 16:00,2.5
02/18/06 17:00,23.3
02/18/06 18:00,0.0
02/18/06 19:00,0.0
02/18/06 20:00,0.0
02/18/06 21:00,0.0
02/18/06 22:00,0.0
02/18/06 23:00,0.0
02/19/06 00:00,0.0
02/19/06 01:00,0.0
02/19/06 02:00,0.0
02/19/06 03:00,0.0
02/19/06 04:00,0.0
02/19/06 05:00,0.0
02/19/06 06:00,0.0
02/19/06 07:00,0.0
02/19/06 08:00,13.5
02/19/06 09:00,0.4
02/19/06 10:00,66.0
02/19/06 11:00,65.4
02/19/06 12:00,59.5
02/19/06 13:00,64.2
02/19/06 14:00,65.0
02/19/06 15:00,66.3
02/19/06 16:00,49.0
02/19/06 17:00,29.5
02/19/06 18:00,0.0
02/19/06 19:00,0.0
02/19/06 20:00,0.0
02/19/06 21:00,0.0
02/19/06 22:00,0.0
02/19/06 23:00,0.0
02/20/06 00:00,0.0
02/20/06 01:00,0.0
02/20/06 02:00,0.0
02/20/06 03:00,0.0
02/20/06 04:00,0.0
02/20/06 05:00,0.0
02/20/06 06:00,0.0
02/20/06 07:00,0.0
02/20/06 08:00,60.9
02/20/06 09:00,70.2
02/20/06 10:00,41.3
02/20/06 11:00,58.5
02/20/06 12:00,56.7
02/20/06 13:00,58.9
02/20/06 14:00,60.4
02/20/06 15:00,63.8
02/20/06 16:00,47.1
02/20/06 17:00,22.6
02/20/06 18:00,0.0
02/20/06 19:00,0.0
02/20/06 20:00,0.0
02/20/06 21:00,0.0
02/20/06 22:00,0.0
02/20/06 23:00,0.0
02/21/06 00:00,0.0
02/21/06 01:00,0.0
02/21/06 02:00,0.0
02/21/06 03:00,0.0
02/21/06 04:00,0.0
02/21/06 05:00,0.0
02/21/06 06:00,0.0
02/21/06 07:00,0.0
02/21/06 08:00,36.7
02/21/06 09:00,62.5
02/21/06 10:00,40.6
02/21/06 11:00,59.7
02/21/06 12:00,60.8
02/21/06 13:00,61.6
02/21/06 14:00,62.9
02/21/06 15:00,62.5
02/21/06 16:00,45.3
02/21/06 17:00,25.3
02/21/06 18:00,0.0
02/21/06 19:00,0.0
02/21/06 20:00,0.0
02/21/06 21:00,0.0
02/21/06 22:00,0.0
02/21/06 23:00,0.0
02/22/06 00:00,0.0
02/22/06 01:00,0.0
02/22/06 02:00,0.0
02/22/06 03:00,0.0
02/22/06 04:00,0.0
02/22/06 05:00,0.0
02/22/06 06:00,0.0
02/22/06 07:00,0.0
02/22/06 08:00,37.1
02/22/06 09:00,60.9
02/22/06 10:00,2.6
02/22/06 11:00,9.4
02/22/06 12:00,8.7
02/22/06 13:00,6.4
02/22/06 14:00,2.7
02/22/06 15:00,1.3
02/22/06 16:00,2.8
02/22/06 17:00,1.8
02/22/06 18:00,0.0
02/22/06 19:00,0.0
02/22/06 20:00,0.0
02/22/06 21:00,0.0
02/22/06 22:00,0.0
02/22/06 23:00,0.0
02/23/06 00:00,0.0
02/23/06 01:00,0.0
02/23/06 02:00,0.0
02/23/06 03:00,0.0
02/23/06 04:00,0.0
02/23/06 05:00,0.0
02/23/06 06:00,0.0
02/23/06 07:00,0.0
02/23/06 08:00,0.1
02/23/06 09:00,0.8
02/23/06 10:00,62.4
02/23/06 11:00,61.4
02/23/06 12:00,59.3
02/23/06 13:00,64.1
02/23/06 14:00,69.0
02/23/06 15:00,69.2
02/23/06 16:00,50.7
02/23/06 17:00,30.2
02/23/06 18:00,0.0
02/23/06 19:00,0.0
02/23/06 20:00,0.0
02/23/06 21:00,0.0
02/23/06 22:00,0.0
02/23/06 23:00,0.0
02/24/06 00:00,0.0
02/24/06 01:00,0.0
02/24/06 02:00,0.0
02/24/06 03:00,0.0
02/24/06 04:00,0.0
02/24/06 05:00,0.0
02/24/06 06:00,0.0
02/24/06 07:00,0.1
02/24/06 08:00,62.7
02/24/06 09:00,74.2
02/24/06 10:00,69.3
02/24/06 11:00,66.8
02/24/06 12:00,63.6
02/24/06 13:00,65.3
02/24/06 14:00,61.8
02/24/06 15:00,66.6
02/24/06 16:00,49.2
02/24/06 17:00,30.5
02/24/06 18:00,0.0
02/24/06 19:00,0.0
02/24/06 20:00,0.0
02/24/06 21:00,0.0
02/24/06 22:00,0.0
02/24/06 23:00,0.0
02/25/06 00:00,0.0
02/25/06 01:00,0.0
02/25/06 02:00,0.0
02/25/06 03:00,0.0
02/25/06 04:00,0.0
02/25/06 05:00,0.0
02/25/06 06:00,0.0
02/25/06 07:00,0.0
02/25/06 08:00,60.4
02/25/06 09:00,70.8
02/25/06 10:00,52.4
02/25/06 11:00,57.1
02/25/06 12:00,47.6
02/25/06 13:00,60.4
02/25/06 14:00,26.1
02/25/06 15:00,56.9
02/25/06 16:00,41.4
02/25/06 17:00,11.2
02/25/06 18:00,0.0
02/25/06 19:00,0.0
02/25/06 20:00,0.0
02/25/06 21:00,0.0
02/25/06 22:00,0.0
02/25/06 23:00,0.0
02/26/06 00:00,0.0
02/26/06 01:00,0.0
02/26/06 02:00,0.0
02/26/06 03:00,0.0
02/26/06 04:00,0.0
02/26/06 05:00,0.0
02/26/06 06:00,0.0
02/26/06 07:00,0.1
02/26/06 08:00,52.4
02/26/06 09:00,69.1
02/26/06 10:00,67.9
02/26/06 11:00,68.4
02/26/06 12:00,65.1
02/26/06 13:00,66.9
02/26/06 14:00,69.5
02/26/06 15:00,69.4
02/26/06 16:00,50.2
02/26/06 17:00,28.3
02/26/06 18:00,0.0
02/26/06 19:00,0.0
02/26/06 20:00,0.0
02/26/06 21:00,0.0
02/26/06 22:00,0.0
02/26/06 23:00,0.0
02/27/06 00:00,0.0
02/27/06 01:00,0.0
02/27/06 02:00,0.0
02/27/06 03:00,0.0
02/27/06 04:00,0.0
02/27/06 05:00,0.0
02/27/06 06:00,0.0
02/27/06 07:00,0.0
02/27/06 08:00,63.6
02/27/06 09:00,73.6
02/27/06 10:00,47.4
02/27/06 11:00,60.4
02/27/06 12:00,49.8
02/27/06 13:00,36.1
02/27/06 14:00,48.4
02/27/06 15:00,22.8
02/27/06 16:00,0.4
02/27/06 17:00,1.6
02/27/06 18:00,0.0
02/27/06 19:00,0.0
02/27/06 20:00,0.0
02/27/06 21:00,0.0
02/27/06 22:00,0.0
02/27/06 23:00,0.0
02/28/06 00:00,0.0
02/28/06 01:00,0.0
02/28/06 02:00,0.0
02/28/06 03:00,0.0
02/28/06 04:00,0.0
02/28/06 05:00,0.0
02/28/06 06:00,0.0
02/28/06 07:00,0.0
02/28/06 08:00,40.9
02/28/06 09:00,59.0
02/28/06 10:00,3.3
02/28/06 11:00,6.8
02/28/06 12:00,24.0
02/28/06 13:00,64.0
02/28/06 14:00,61.2
02/28/06 15:00,42.9
02/28/06 16:00,51.4
02/28/06 17:00,26.7
02/28/06 18:00,0.0
02/28/06 19:00,0.0
02/28/06 20:00,0.0
02/28/06 21:00,0.0
02/28/06 22:00,0.0
02/28/06 23:00,0.0
03/01/06 00:00,0.0
03/01/06 01:00,0.0
03/01/06 02:00,0.0
03/01/06 03:00,0.0
03/01/06 04:00,0.0
03/01/06 05:00,0.0
03/01/06 06:00,0.0
03/01/06 07:00,0.0
03/01/06 08:00,0.1
03/01/06 09:00,0.7
03/01/06 10:00,30.9
03/01/06 11:00,34.0
03/01/06 12:00,39.7
03/01/06 13:00,15.7
03/01/06 14:00,11.2
03/01/06 15:00,42.8
03/01/06 16:00,49.4
03/01/06 17:00,24.4
03/01/06 18:00,0.0
03/01/06 19:00,0.0
03/01/06 20:00,0.0
03/01/06 21:00,0.0
03/01/06 22:00,0.0
03/01/06 23:00,0.0
03/02/06 00:00,0.0
03/02/06 01:00,0.0
03/02/06 02:00,0.0
03/02/06 03:00,0.0
03/02/06 04:00,0.0
03/02/06 05:00,0.0
03/02/06 06:00,0.0
03/02/06 07:00,0.1
03/02/06 08:00,22.7
03/02/06 09:00,29.6
03/02/06 10:00,17.8
03/02/06 11:00,42.2
03/02/06 12:00,19.3
03/02/06 13:00,20.8
03/02/06 14:00,35.9
03/02/06 15:00,1.1
03/02/06 16:00,10.1
03/02/06 17:00,16.8
03/02/06 18:00,0.0
03/02/06 19:00,0.0
03/02/06 20:00,0.0
03/02/06 21:00,0.0
03/02/06 22:00,0.0
03/02/06 23:00,0.0
03/03/06 00:00,0.0
03/03/06 01:00,0.0
03/03/06 02:00,0.0
03/03/06 03:00,0.0
03/03/06 04:00,0.0
03/03/06 05:00,0.0
03/03/06 06:00,0.0
03/03/06 07:00,0.0
03/03/06 08:00,5.6
03/03/06 09:00,41.7
03/03/06 10:00,65.9
03/03/06 11:00,68.9
03/03/06 12:00,62.0
03/03/06 13:00,65.2
03/03/06 14:00,64.5
03/03/06 15:00,70.4
03/03/06 16:00,53.7
03/03/06 17:00,29.7
03/03/06 18:00,0.0
03/03/06 19:00,0.0
03/03/06 20:00,0.0
03/03/06 21:00,0.0
03/03/06 22:00,0.0
03/03/06 23:00,0.0
03/04/06 00:00,0.0
03/04/06 01:00,0.0
03/04/06 02:00,0.0
03/04/06 03:00,0.0
03/04/06 04:00,0.0
03/04/06 05:00,0.0
03/04/06 06:00,0.0
03/04/06 07:00,23.9
03/04/06 08:00,66.5
03/04/06 09:00,80.1
03/04/06 10:00,76.1
03/04/06 11:00,71.0
03/04/06 12:00,67.0
03/04/06 13:00,69.9
03/04/06 14:00,69.1
03/04/06 15:00,70.8
03/04/06 16:00,52.9
03/04/06 17:00,30.9
03/04/06 18:00,0.0
03/04/06 19:00,0.0
03/04/06 20:00,0.0
03/04/06 21:00,0.0
03/04/06 22:00,0.0
03/04/06 23:00,0.0
03/05/06 00:00,0.0
03/05/06 01:00,0.0
03/05/06 02:00,0.0
03/05/06 03:00,0.0
03/05/06 04:00,0.0
03/05/06 05:00,0.0
03/05/06 06:00,0.0
03/05/06 07:00,23.2
03/05/06 08:00,68.8
03/05/06 09:00,77.8
03/05/06 10:00,75.5
03/05/06 11:00,69.1
03/05/06 12:00,67.0
03/05/06 13:00,67.1
03/05/06 14:00,67.6
03/05/06 15:00,67.8
03/05/06 16:00,52.2
03/05/06 17:00,24.3
03/05/06 18:00,0.0
03/05/06 19:00,0.0
03/05/06 20:00,0.0
03/05/06 21:00,0.0
03/05/06 22:00,0.0
03/05/06 23:00,0.0
03/06/06 00:00,0.0
03/06/06 01:00,0.0
03/06/06 02:00,0.0
03/06/06 03:00,0.0
03/06/06 04:00,0.0
03/06/06 05:00,0.0
03/06/06 06:00,0.0
03/06/06 07:00,24.6
03/06/06 08:00,63.7
03/06/06 09:00,68.4
03/06/06 10:00,11.0
03/06/06 11:00,20.6
03/06/06 12:00,11.0
03/06/06 13:00,11.0
03/06/06 14:00,10.5
03/06/06 15:00,5.3
03/06/06 16:00,0.2
03/06/06 17:00,0.0
03/06/06 18:00,0.0
03/06/06 19:00,0.0
03/06/06 20:00,0.0
03/06/06 21:00,0.0
03/06/06 22:00,0.0
03/06/06 23:00,0.0
03/07/06 00:00,0.0
03/07/06 01:00,0.0
03/07/06 02:00,0.0
03/07/06 03:00,0.0
03/07/06 04:00,0.0
03/07/06 05:00,0.0
03/07/06 06:00,0.0
03/07/06 07:00,11.9
03/07/06 08:00,0.4
03/07/06 09:00,12.9
03/07/06 10:00,70.6
03/07/06 11:00,71.2
03/07/06 12:00,65.1
03/07/06 13:00,69.5
03/07/06 14:00,68.3
03/07/06 15:00,68.2
03/07/06 16:00,52.6
03/07/06 17:00,30.4
03/07/06 18:00,0.0
03/07/06 19:00,0.0
03/07/06 20:00,0.0
03/07/06 21:00,0.0
03/07/06 22:00,0.0
03/07/06 23:00,0.0
03/08/06 00:00,0.0
03/08/06 01:00,0.0
03/08/06 02:00,0.0
03/08/06 03:00,0.0
03/08/06 04:00,0.0
03/08/06 05:00,0.0
03/08/06 06:00,0.0
03/08/06 07:00,27.6
03/08/06 08:00,68.7
03/08/06 09:00,74.1
03/08/06 10:00,69.0
03/08/06 11:00,31.8
03/08/06 12:00,44.1
03/08/06 13:00,62.8
03/08/06 14:00,7.4
03/08/06 15:00,52.8
03/08/06 16:00,49.2
03/08/06 17:00,0.0
03/08/06 18:00,0.0
03/08/06 19:00,0.0
03/08/06 20:00,0.0
03/08/06 21:00,0.0
03/08/06 22:00,0.0
03/08/06 23:00,0.0
03/09/06 00:00,0.0
03/09/06 01:00,0.0
03/09/06 02:00,0.0
03/09/06 03:00,0.0
03/09/06 04:00,0.0
03/09/06 05:00,0.0
03/09/06 06:00,0.0
03/09/06 07:00,26.8
03/09/06 08:00,58.4
03/09/06 09:00,25.7
03/09/06 10:00,66.8
03/09/06 11:00,23.4
03/09/06 12:00,59.5
03/09/06 13:00,47.3
03/09/06 14:00,47.6
03/09/06 15:00,18.3
03/09/06 16:00,1.2
03/09/06 17:00,1.3
03/09/06 18:00,0.0
03/09/06 19:00,0.0
03/09/06 20:00,0.0
03/09/06 21:00,0.0
03/09/06 22:00,0.0
03/09/06 23:00,0.0
03/10/06 00:00,0.0
03/10/06 01:00,0.0
03/10/06 02:00,0.0
03/10/06 03:00,0.0
03/10/06 04:00,0.0
03/10/06 05:00,0.0
03/10/06 06:00,0.0
03/10/06 07:00,27.4
03/10/06 08:00,59.9
03/10/06 09:00,16.9
03/10/06 10:00,72.3
03/10/06 11:00,68.2
03/10/06 12:00,61.4
03/10/06 13:00,67.4
03/10/06 14:00,63.5
03/10/06 15:00,60.2
03/10/06 16:00,51.9
03/10/06 17:00,23.8
03/10/06 18:00,0.0
03/10/06 19:00,0.0
03/10/06 20:00,0.0
03/10/06 21:00,0.0
03/10/06 22:00,0.0
03/10/06 23:00,0.0
03/11/06 00:00,0.0
03/11/06 01:00,0.0
03/11/06 02:00,0.0
03/11/06 03:00,0.0
03/11/06 04:00,0.0
03/11/06 05:00,0.0
03/11/06 06:00,0.0
03/11/06 07:00,28.1
03/11/06 08:00,70.6
03/11/06 09:00,70.7
03/11/06 10:00,70.4
03/11/06 11:00,65.0
03/11/06 12:00,64.3
03/11/06 13:00,66.6
03/11/06 14:00,65.2
03/11/06 15:00,65.2
03/11/06 16:00,49.6
03/11/06 17:00,29.6
03/11/06 18:00,0.0
03/11/06 19:00,0.0
03/11/06 20:00,0.0
03/11/06 21:00,0.0
03/11/06 22:00,0.0
03/11/06 23:00,0.0
03/12/06 00:00,0.0
03/12/06 01:00,0.0
03/12/06 02:00,0.0
03/12/06 03:00,0.0
03/12/06 04:00,0.0
03/12/06 05:00,0.0
03/12/06 06:00,0.0
03/12/06 07:00,29.8
03/12/06 08:00,67.2
03/12/06 09:00,73.2
03/12/06 10:00,45.5
03/12/06 11:00,64.3
03/12/06 12:00,51.1
03/12/06 13:00,53.9
03/12/06 14:00,24.6
03/12/06 15:00,13.0
03/12/06 16:00,0.3
03/12/06 17:00,0.3
03/12/06 18:00,0.0
03/12/06 19:00,0.0
03/12/06 20:00,0.0
03/12/06 21:00,0.0
03/12/06 22:00,0.0
03/12/06 23:00,0.0
03/13/06 00:00,0.0
03/13/06 01:00,0.0
03/13/06 02:00,0.0
03/13/06 03:00,0.0
03/13/06 04:00,0.0
03/13/06 05:00,0.0
03/13/06 06:00,0.0
03/13/06 07:00,29.7
03/13/06 08:00,42.0
03/13/06 09:00,71.8
03/13/06 10:00,73.3
03/13/06 11:00,67.2
03/13/06 12:00,59.2
03/13/06 13:00,63.7
03/13/06 14:00,64.6
03/13/06 15:00,53.8
03/13/06 16:00,32.2
03/13/06 17:00,24.0
03/13/06 18:00,0.0
03/13/06 19:00,0.0
03/13/06 20:00,0.0
03/13/06 21:00,0.0
03/13/06 22:00,0.0
03/13/06 23:00,0.0
03/14/06 00:00,0.0
03/14/06 01:00,0.0
03/14/06 02:00,0.0
03/14/06 03:00,0.0
03/14/06 04:00,0.0
03/14/06 05:00,0.0
03/14/06 06:00,0.0
03/14/06 07:00,28.1
03/14/06 08:00,69.0
03/14/06 09:00,73.3
03/14/06 10:00,37.3
03/14/06 11:00,70.4
03/14/06 12:00,69.6
03/14/06 13:00,72.2
03/14/06 14:00,72.2
03/14/06 15:00,72.8
03/14/06 16:00,55.6
03/14/06 17:00,33.8
03/14/06 18:00,0.0
03/14/06 19:00,0.0
03/14/06 20:00,0.0
03/14/06 21:00,0.0
03/14/06 22:00,0.0
03/14/06 23:00,0.0
03/15/06 00:00,0.0
03/15/06 01:00,0.0
03/15/06 02:00,0.0
03/15/06 03:00,0.0
03/15/06 04:00,0.0
03/15/06 05:00,0.0
03/15/06 06:00,0.0
03/15/06 07:00,9.0
03/15/06 08:00,31.4
03/15/06 09:00,78.0
03/15/06 10:00,78.1
03/15/06 11:00,73.9
03/15/06 12:00,49.5
03/15/06 13:00,73.7
03/15/06 14:00,76.9
03/15/06 15:00,74.8
03/15/06 16:00,57.1
03/15/06 17:00,35.1
03/15/06 18:00,0.0
03/15/06 19:00,0.0
03/15/06 20:00,0.0
03/15/06 21:00,0.0
03/15/06 22:00,0.0
03/15/06 23:00,0.0
03/16/06 00:00,0.0
03/16/06 01:00,0.0
03/16/06 02:00,0.0
03/16/06 03:00,0.0
03/16/06 04:00,0.0
03/16/06 05:00,0.0
03/16/06 06:00,0.0
03/16/06 07:00,33.1
03/16/06 08:00,70.7
03/16/06 09:00,73.9
03/16/06 10:00,63.7
03/16/06 11:00,70.3
03/16/06 12:00,68.8
03/16/06 13:00,69.2
03/16/06 14:00,72.2
03/16/06 15:00,72.2
03/16/06 16:00,54.9
03/16/06 17:00,27.6
03/16/06 18:00,0.0
03/16/06 19:00,0.0
03/16/06 20:00,0.0
03/16/06 21:00,0.0
03/16/06 22:00,0.0
03/16/06 23:00,0.0
03/17/06 00:00,0.0
03/17/06 01:00,0.0
03/17/06 02:00,0.0
03/17/06 03:00,0.0
03/17/06 04:00,0.0
03/17/06 05:00,0.0
03/17/06 06:00,0.0
03/17/06 07:00,30.8
03/17/06 08:00,63.6
03/17/06 09:00,71.6
03/17/06 10:00,14.1
03/17/06 11:00,26.3
03/17/06 12:00,23.9
03/17/06 13:00,21.1
03/17/06 14:00,15.5
03/17/06 15:00,5.1
03/17/06 16:00,1.8
03/17/06 17:00,0.6
03/17/06 18:00,0.0
03/17/06 19:00,0.0
03/17/06 20:00,0.0
03/17/06 21:00,0.0
03/17/06 22:00,0.0
03/17/06 23:00,0.0
03/18/06 00:00,0.0
03/18/06 01:00,0.0
03/18/06 02:00,0.0
03/18/06 03:00,0.0
03/18/06 04:00,0.0
03/18/06 05:00,0.0
03/18/06 06:00,0.0
03/18/06 07:00,32.6
03/18/06 08:00,1.7
03/18/06 09:00,19.0
03/18/06 10:00,77.2
03/18/06 11:00,76.9
03/18/06 12:00,74.6
03/18/06 13:00,74.8
03/18/06 14:00,72.3
03/18/06 15:00,74.3
03/18/06 16:00,58.2
03/18/06 17:00,35.6
03/18/06 18:00,0.0
03/18/06 19:00,0.0
03/18/06 20:00,0.0
03/18/06 21:00,0.0
03/18/06 22:00,0.0
03/18/06 23:00,0.0
03/19/06 00:00,0.0
03/19/06 01:00,0.0
03/19/06 02:00,0.0
03/19/06 03:00,0.0
03/19/06 04:00,0.0
03/19/06 05:00,0.0
03/19/06 06:00,0.0
03/19/06 07:00,36.5
03/19/06 08:00,78.5
03/19/06 09:00,82.6
03/19/06 10:00,80.4
03/19/06 11:00,74.2
03/19/06 12:00,70.4
03/19/06 13:00,74.0
03/19/06 14:00,73.9
03/19/06 15:00,74.0
03/19/06 16:00,57.1
03/19/06 17:00,35.5
03/19/06 18:00,0.0
03/19/06 19:00,0.0
03/19/06 20:00,0.0
03/19/06 21:00,0.0
03/19/06 22:00,0.0
03/19/06 23:00,0.0
03/20/06 00:00,0.0
03/20/06 01:00,0.0
03/20/06 02:00,0.0
03/20/06 03:00,0.0
03/20/06 04:00,0.0
03/20/06 05:00,0.0
03/20/06 06:00,0.0
03/20/06 07:00,37.2
03/20/06 08:00,75.7
03/20/06 09:00,81.2
03/20/06 10:00,64.8
03/20/06 11:00,58.7
03/20/06 12:00,54.4
03/20/06 13:00,63.6
03/20/06 14:00,44.3
03/20/06 15:00,29.1
03/20/06 16:00,13.9
03/20/06 17:00,0.6
03/20/06 18:00,0.0
03/20/06 19:00,0.0
03/20/06 20:00,0.0
03/20/06 21:00,0.0
03/20/06 22:00,0.0
03/20/06 23:00,0.0
03/21/06 00:00,0.0
03/21/06 01:00,0.0
03/21/06 02:00,0.0
03/21/06 03:00,0.0
03/21/06 04:00,0.0
03/21/06 05:00,0.0
03/21/06 06:00,0.0
03/21/06 07:00,38.2
03/21/06 08:00,64.6
03/21/06 09:00,63.9
03/21/06 10:00,38.0
03/21/06 11:00,16.7
03/21/06 12:00,12.5
03/21/06 13:00,11.7
03/21/06 14:00,7.9
03/21/06 15:00,3.5
03/21/06 16:00,1.1
03/21/06 17:00,0.1
03/21/06 18:00,0.0
03/21/06 19:00,0.0
03/21/06 20:00,0.0
03/21/06 21:00,0.0
03/21/06 22:00,0.0
03/21/06 23:00,0.0
03/22/06 00:00,0.0
03/22/06 01:00,0.0
03/22/06 02:00,0.0
03/22/06 03:00,0.0
03/22/06 04:00,0.0
03/22/06 05:00,0.0
03/22/06 06:00,0.0
03/22/06 07:00,14.6
03/22/06 08:00,28.8
03/22/06 09:00,8.2
03/22/06 10:00,78.4
03/22/06 11:00,77.0
03/22/06 12:00,75.9
03/22/06 13:00,75.6
03/22/06 14:00,78.7
03/22/06 15:00,74.8
03/22/06 16:00,64.5
03/22/06 17:00,37.8
03/22/06 18:00,0.0
03/22/06 19:00,0.0
03/22/06 20:00,0.0
03/22/06 21:00,0.0
03/22/06 22:00,0.0
03/22/06 23:00,0.0
03/23/06 00:00,0.0
03/23/06 01:00,0.0
03/23/06 02:00,0.0
03/23/06 03:00,0.0
03/23/06 04:00,0.0
03/23/06 05:00,0.0
03/23/06 06:00,0.0
03/23/06 07:00,38.8
03/23/06 08:00,76.1
03/23/06 09:00,79.1
03/23/06 10:00,77.4
03/23/06 11:00,72.6
03/23/06 12:00,64.9
03/23/06 13:00,71.3
03/23/06 14:00,66.8
03/23/06 15:00,56.4
03/23/06 16:00,36.8
03/23/06 17:00,11.8
03/23/06 18:00,0.0
03/23/06 19:00,0.0
03/23/06 20:00,0.0
03/23/06 21:00,0.0
03/23/06 22:00,0.0
03/23/06 23:00,0.0
03/24/06 00:00,0.0
03/24/06 01:00,0.0
03/24/06 02:00,0.0
03/24/06 03:00,0.0
03/24/06 04:00,0.0
03/24/06 05:00,0.0
03/24/06 06:00,0.0
03/24/06 07:00,38.7
03/24/06 08:00,71.8
03/24/06 09:00,73.3
03/24/06 10:00,53.1
03/24/06 11:00,50.9
03/24/06 12:00,46.2
03/24/06 13:00,60.4
03/24/06 14:00,40.9
03/24/06 15:00,34.1
03/24/06 16:00,16.8
03/24/06 17:00,1.5
03/24/06 18:00,0.0
03/24/06 19:00,0.0
03/24/06 20:00,0.0
03/24/06 21:00,0.0
03/24/06 22:00,0.0
03/24/06 23:00,0.0
03/25/06 00:00,0.0
03/25/06 01:00,0.0
03/25/06 02:00,0.0
03/25/06 03:00,0.0
03/25/06 04:00,0.0
03/25/06 05:00,0.0
03/25/06 06:00,0.0
03/25/06 07:00,36.9
03/25/06 08:00,46.7
03/25/06 09:00,49.4
03/25/06 10:00,34.7
03/25/06 11:00,26.5
03/25/06 12:00,37.4
03/25/06 13:00,47.2
03/25/06 14:00,44.8
03/25/06 15:00,17.5
03/25/06 16:00,0.5
03/25/06 17:00,1.0
03/25/06 18:00,0.0
03/25/06 19:00,0.0
03/25/06 20:00,0.0
03/25/06 21:00,0.0
03/25/06 22:00,0.0
03/25/06 23:00,0.0
03/26/06 00:00,0.0
03/26/06 01:00,0.0
03/26/06 02:00,0.0
03/26/06 03:00,0.0
03/26/06 04:00,0.0
03/26/06 05:00,0.0
03/26/06 06:00,0.0
03/26/06 07:00,19.1
03/26/06 08:00,13.7
03/26/06 09:00,79.7
03/26/06 10:00,81.1
03/26/06 11:00,30.4
03/26/06 12:00,47.4
03/26/06 13:00,36.7
03/26/06 14:00,69.3
03/26/06 15:00,30.0
03/26/06 16:00,6.4
03/26/06 17:00,17.2
03/26/06 18:00,0.0
03/26/06 19:00,0.0
03/26/06 20:00,0.0
03/26/06 21:00,0.0
03/26/06 22:00,0.0
03/26/06 23:00,0.0
03/27/06 00:00,0.0
03/27/06 01:00,0.0
03/27/06 02:00,0.0
03/27/06 03:00,0.0
03/27/06 04:00,0.0
03/27/06 05:00,0.0
03/27/06 06:00,0.0
03/27/06 07:00,42.1
03/27/06 08:00,77.5
03/27/06 09:00,79.4
03/27/06 10:00,78.1
03/27/06 11:00,75.7
03/27/06 12:00,71.4
03/27/06 13:00,75.9
03/27/06 14:00,75.9
03/27/06 15:00,73.8
03/27/06 16:00,63.2
03/27/06 17:00,38.9
03/27/06 18:00,0.0
03/27/06 19:00,0.0
03/27/06 20:00,0.0
03/27/06 21:00,0.0
03/27/06 22:00,0.0
03/27/06 23:00,0.0
03/28/06 00:00,0.0
03/28/06 01:00,0.0
03/28/06 02:00,0.0
03/28/06 03:00,0.0
03/28/06 04:00,0.0
03/28/06 05:00,0.0
03/28/06 06:00,0.0
03/28/06 07:00,44.4
03/28/06 08:00,66.3
03/28/06 09:00,20.5
03/28/06 10:00,12.0
03/28/06 11:00,28.3
03/28/06 12:00,12.2
03/28/06 13:00,33.2
03/28/06 14:00,46.8
03/28/06 15:00,41.8
03/28/06 16:00,6.4
03/28/06 17:00,0.2
03/28/06 18:00,0.0
03/28/06 19:00,0.0
03/28/06 20:00,0.0
03/28/06 21:00,0.0
03/28/06 22:00,0.0
03/28/06 23:00,0.0
03/29/06 00:00,0.0
03/29/06 01:00,0.0
03/29/06 02:00,0.0
03/29/06 03:00,0.0
03/29/06 04:00,0.0
03/29/06 05:00,0.0
03/29/06 06:00,0.0
03/29/06 07:00,2.3
03/29/06 08:00,1.1
03/29/06 09:00,21.2
03/29/06 10:00,23.3
03/29/06 11:00,19.0
03/29/06 12:00,34.5
03/29/06 13:00,52.0
03/29/06 14:00,26.0
03/29/06 15:00,20.0
03/29/06 16:00,0.8
03/29/06 17:00,0.6
03/29/06 18:00,0.0
03/29/06 19:00,0.0
03/29/06 20:00,0.0
03/29/06 21:00,0.0
03/29/06 22:00,0.0
03/29/06 23:00,0.0
03/30/06 00:00,0.0
03/30/06 01:00,0.0
03/30/06 02:00,0.0
03/30/06 03:00,0.0
03/30/06 04:00,0.0
03/30/06 05:00,0.0
03/30/06 06:00,0.0
03/30/06 07:00,11.4
03/30/06 08:00,14.9
03/30/06 09:00,73.1
03/30/06 10:00,74.1
03/30/06 11:00,76.0
03/30/06 12:00,73.1
03/30/06 13:00,73.7
03/30/06 14:00,76.2
03/30/06 15:00,75.0
03/30/06 16:00,59.6
03/30/06 17:00,37.6
03/30/06 18:00,0.0
03/30/06 19:00,0.0
03/30/06 20:00,0.0
03/30/06 21:00,0.0
03/30/06 22:00,0.0
03/30/06 23:00,0.0
03/31/06 00:00,0.0
03/31/06 01:00,0.0
03/31/06 02:00,0.0
03/31/06 03:00,0.0
03/31/06 04:00,0.0
03/31/06 05:00,0.0
03/31/06 06:00,0.0
03/31/06 07:00,48.5
03/31/06 08:00,77.7
03/31/06 09:00,80.0
03/31/06 10:00,78.4
03/31/06 11:00,75.7
03/31/06 12:00,73.3
03/31/06 13:00,73.6
03/31/06 14:00,66.9
03/31/06 15:00,70.1
03/31/06 16:00,51.5
03/31/06 17:00,22.0
03/31/06 18:00,0.0
03/31/06 19:00,0.0
03/31/06 20:00,0.0
03/31/06 21:00,0.0
03/31/06 22:00,0.0
03/31/06 23:00,0.0
04/01/06 00:00,0.0
04/01/06 01:00,0.0
04/01/06 02:00,0.0
04/01/06 03:00,0.0
04/01/06 04:00,0.0
04/01/06 05:00,0.0
04/01/06 06:00,0.0
04/01/06 07:00,60.2
04/01/06 08:00,68.0
04/01/06 09:00,9.3
04/01/06 10:00,71.8
04/01/06 11:00,18.0
04/01/06 12:00,11.5
04/01/06 13:00,43.3
04/01/06 14:00,6.0
04/01/06 15:00,28.0
04/01/06 16:00,18.4
04/01/06 17:00,33.1
04/01/06 18:00,0.0
04/01/06 19:00,0.0
04/01/06 20:00,0.0
04/01/06 21:00,0.0
04/01/06 22:00,0.0
04/01/06 23:00,0.0
04/02/06 00:00,0.0
04/02/06 01:00,0.0
04/02/06 02:00,0.0
04/02/06 03:00,0.0
04/02/06 04:00,0.0
04/02/06 05:00,0.0
04/02/06 06:00,0.0
04/02/06 07:00,0.1
04/02/06 08:00,63.5
04/02/06 09:00,47.2
04/02/06 10:00,32.7
04/02/06 11:00,71.6
04/02/06 12:00,47.6
04/02/06 13:00,58.7
04/02/06 14:00,69.6
04/02/06 15:00,66.4
04/02/06 16:00,52.5
04/02/06 17:00,33.1
04/02/06 18:00,0.0
04/02/06 19:00,0.0
04/02/06 20:00,0.0
04/02/06 21:00,0.0
04/02/06 22:00,0.0
04/02/06 23:00,0.0
04/03/06 00:00,0.0
04/03/06 01:00,0.0
04/03/06 02:00,0.0
04/03/06 03:00,0.0
04/03/06 04:00,0.0
04/03/06 05:00,0.0
04/03/06 06:00,0.0
04/03/06 07:00,34.5
04/03/06 08:00,23.2
04/03/06 09:00,40.6
04/03/06 10:00,37.5
04/03/06 11:00,15.7
04/03/06 12:00,18.1
04/03/06 13:00,18.3
04/03/06 14:00,21.0
04/03/06 15:00,67.6
04/03/06 16:00,58.9
04/03/06 17:00,33.8
04/03/06 18:00,0.0
04/03/06 19:00,0.0
04/03/06 20:00,0.0
04/03/06 21:00,0.0
04/03/06 22:00,0.0
04/03/06 23:00,0.0
04/04/06 00:00,0.0
04/04/06 01:00,0.0
04/04/06 02:00,0.0
04/04/06 03:00,0.0
04/04/06 04:00,0.0
04/04/06 05:00,0.0
04/04/06 06:00,0.0
04/04/06 07:00,34.1
04/04/06 08:00,28.9
04/04/06 09:00,83.1
04/04/06 10:00,82.5
04/04/06 11:00,78.8
04/04/06 12:00,77.3
04/04/06 13:00,75.6
04/04/06 14:00,78.0
04/04/06 15:00,73.2
04/04/06 16:00,64.7
04/04/06 17:00,39.1
04/04/06 18:00,0.0
04/04/06 19:00,0.0
04/04/06 20:00,0.0
04/04/06 21:00,0.0
04/04/06 22:00,0.0
04/04/06 23:00,0.0
04/05/06 00:00,0.0
04/05/06 01:00,0.0
04/05/06 02:00,0.0
04/05/06 03:00,0.0
04/05/06 04:00,0.0
04/05/06 05:00,0.0
04/05/06 06:00,0.0
04/05/06 07:00,61.4
04/05/06 08:00,76.4
04/05/06 09:00,85.2
04/05/06 10:00,68.5
04/05/06 11:00,20.6
04/05/06 12:00,61.4
04/05/06 13:00,65.5
04/05/06 14:00,53.5
04/05/06 15:00,73.5
04/05/06 16:00,45.9
04/05/06 17:00,28.6
04/05/06 18:00,0.0
04/05/06 19:00,0.0
04/05/06 20:00,0.0
04/05/06 21:00,0.0
04/05/06 22:00,0.0
04/05/06 23:00,0.0
04/06/06 00:00,0.0
04/06/06 01:00,0.0
04/06/06 02:00,0.0
04/06/06 03:00,0.0
04/06/06 04:00,0.0
04/06/06 05:00,0.0
04/06/06 06:00,0.0
04/06/06 07:00,62.0
04/06/06 08:00,63.8
04/06/06 09:00,79.8
04/06/06 10:00,75.8
04/06/06 11:00,75.9
04/06/06 12:00,72.3
04/06/06 13:00,73.2
04/06/06 14:00,72.2
04/06/06 15:00,63.0
04/06/06 16:00,35.5
04/06/06 17:00,11.5
04/06/06 18:00,0.0
04/06/06 19:00,0.0
04/06/06 20:00,0.0
04/06/06 21:00,0.0
04/06/06 22:00,0.0
04/06/06 23:00,0.0
04/07/06 00:00,0.0
04/07/06 01:00,0.0
04/07/06 02:00,0.0
04/07/06 03:00,0.0
04/07/06 04:00,0.0
04/07/06 05:00,0.0
04/07/06 06:00,0.0
04/07/06 07:00,61.0
04/07/06 08:00,65.4
04/07/06 09:00,8.4
04/07/06 10:00,14.1
04/07/06 11:00,34.8
04/07/06 12:00,21.4
04/07/06 13:00,40.9
04/07/06 14:00,65.5
04/07/06 15:00,68.7
04/07/06 16:00,62.7
04/07/06 17:00,37.3
04/07/06 18:00,0.0
04/07/06 19:00,0.0
04/07/06 20:00,0.0
04/07/06 21:00,0.0
04/07/06 22:00,0.0
04/07/06 23:00,0.0
04/08/06 00:00,0.0
04/08/06 01:00,0.0
04/08/06 02:00,0.0
04/08/06 03:00,0.0
04/08/06 04:00,0.0
04/08/06 05:00,0.0
04/08/06 06:00,0.0
04/08/06 07:00,0.1
04/08/06 08:00,2.6
04/08/06 09:00,12.4
04/08/06 10:00,14.3
04/08/06 11:00,13.4
04/08/06 12:00,13.5
04/08/06 13:00,11.5
04/08/06 14:00,13.7
04/08/06 15:00,2.6
04/08/06 16:00,0.6
04/08/06 17:00,0.3
04/08/06 18:00,0.0
04/08/06 19:00,0.0
04/08/06 20:00,0.0
04/08/06 21:00,0.0
04/08/06 22:00,0.0
04/08/06 23:00,0.0
04/09/06 00:00,0.0
04/09/06 01:00,0.0
04/09/06 02:00,0.0
04/09/06 03:00,0.0
04/09/06 04:00,0.0
04/09/06 05:00,0.0
04/09/06 06:00,0.0
04/09/06 07:00,0.4
04/09/06 08:00,3.4
04/09/06 09:00,77.3
04/09/06 10:00,82.0
04/09/06 11:00,78.7
04/09/06 12:00,77.1
04/09/06 13:00,74.3
04/09/06 14:00,76.2
04/09/06 15:00,75.6
04/09/06 16:00,64.5
04/09/06 17:00,40.5
04/09/06 18:00,0.1
04/09/06 19:00,0.0
04/09/06 20:00,0.0
04/09/06 21:00,0.0
04/09/06 22:00,0.0
04/09/06 23:00,0.0
04/10/06 00:00,0.0
04/10/06 01:00,0.0
04/10/06 02:00,0.0
04/10/06 03:00,0.0
04/10/06 04:00,0.0
04/10/06 05:00,0.0
04/10/06 06:00,0.3
04/10/06 07:00,65.3
04/10/06 08:00,76.9
04/10/06 09:00,82.8
04/10/06 10:00,73.1
04/10/06 11:00,75.3
04/10/06 12:00,72.6
04/10/06 13:00,72.7
04/10/06 14:00,74.9
04/10/06 15:00,72.6
04/10/06 16:00,63.3
04/10/06 17:00,40.2
04/10/06 18:00,0.6
04/10/06 19:00,0.0
04/10/06 20:00,0.0
04/10/06 21:00,0.0
04/10/06 22:00,0.0
04/10/06 23:00,0.0
04/11/06 00:00,0.0
04/11/06 01:00,0.0
04/11/06 02:00,0.0
04/11/06 03:00,0.0
04/11/06 04:00,0.0
04/11/06 05:00,0.0
04/11/06 06:00,0.2
04/11/06 07:00,66.6
04/11/06 08:00,74.9
04/11/06 09:00,79.6
04/11/06 10:00,77.4
04/11/06 11:00,73.7
04/11/06 12:00,74.7
04/11/06 13:00,74.3
04/11/06 14:00,71.5
04/11/06 15:00,71.8
04/11/06 16:00,54.7
04/11/06 17:00,33.6
04/11/06 18:00,4.3
04/11/06 19:00,0.0
04/11/06 20:00,0.0
04/11/06 21:00,0.0
04/11/06 22:00,0.0
04/11/06 23:00,0.0
04/12/06 00:00,0.0
04/12/06 01:00,0.0
04/12/06 02:00,0.0
04/12/06 03:00,0.0
04/12/06 04:00,0.0
04/12/06 05:00,0.0
04/12/06 06:00,0.4
04/12/06 07:00,67.4
04/12/06 08:00,76.9
04/12/06 09:00,57.7
04/12/06 10:00,61.5
04/12/06 11:00,46.1
04/12/06 12:00,29.6
04/12/06 13:00,33.8
04/12/06 14:00,47.9
04/12/06 15:00,57.0
04/12/06 16:00,21.7
04/12/06 17:00,13.3
04/12/06 18:00,12.5
04/12/06 19:00,0.0
04/12/06 20:00,0.0
04/12/06 21:00,0.0
04/12/06 22:00,0.0
04/12/06 23:00,0.0
04/13/06 00:00,0.0
04/13/06 01:00,0.0
04/13/06 02:00,0.0
04/13/06 03:00,0.0
04/13/06 04:00,0.0
04/13/06 05:00,0.0
04/13/06 06:00,21.2
04/13/06 07:00,38.5
04/13/06 08:00,54.7
04/13/06 09:00,68.1
04/13/06 10:00,75.1
04/13/06 11:00,68.0
04/13/06 12:00,69.6
04/13/06 13:00,58.2
04/13/06 14:00,65.8
04/13/06 15:00,65.9
04/13/06 16:00,51.8
04/13/06 17:00,39.6
04/13/06 18:00,0.3
04/13/06 19:00,0.0
04/13/06 20:00,0.0
04/13/06 21:00,0.0
04/13/06 22:00,0.0
04/13/06 23:00,0.0
04/14/06 00:00,0.0
04/14/06 01:00,0.0
04/14/06 02:00,0.0
04/14/06 03:00,0.0
04/14/06 04:00,0.0
04/14/06 05:00,0.0
04/14/06 06:00,17.9
04/14/06 07:00,47.5
04/14/06 08:00,64.7
04/14/06 09:00,14.9
04/14/06 10:00,11.6
04/14/06 11:00,11.8
04/14/06 12:00,12.6
04/14/06 13:00,16.3
04/14/06 14:00,15.0
04/14/06 15:00,2.4
04/14/06 16:00,18.0
04/14/06 17:00,33.4
04/14/06 18:00,5.6
04/14/06 19:00,0.0
04/14/06 20:00,0.0
04/14/06 21:00,0.0
04/14/06 22:00,0.0
04/14/06 23:00,0.0
04/15/06 00:00,0.0
04/15/06 01:00,0.0
04/15/06 02:00,0.0
04/15/06 03:00,0.0
04/15/06 04:00,0.0
04/15/06 05:00,0.0
04/15/06 06:00,0.0
04/15/06 07:00,0.8
04/15/06 08:00,1.2
04/15/06 09:00,73.6
04/15/06 10:00,33.7
04/15/06 11:00,74.3
04/15/06 12:00,73.2
04/15/06 13:00,71.4
04/15/06 14:00,68.8
04/15/06 15:00,69.2
04/15/06 16:00,52.2
04/15/06 17:00,34.4
04/15/06 18:00,0.0
04/15/06 19:00,0.0
04/15/06 20:00,0.0
04/15/06 21:00,0.0
04/15/06 22:00,0.0
04/15/06 23:00,0.0
04/16/06 00:00,0.0
04/16/06 01:00,0.0
04/16/06 02:00,0.0
04/16/06 03:00,0.0
04/16/06 04:00,0.0
04/16/06 05:00,0.0
04/16/06 06:00,24.7
04/16/06 07:00,58.2
04/16/06 08:00,22.2
04/16/06 09:00,26.6
04/16/06 10:00,14.3
04/16/06 11:00,16.6
04/16/06 12:00,19.1
04/16/06 13:00,15.5
04/16/06 14:00,64.8
04/16/06 15:00,55.2
04/16/06 16:00,53.0
04/16/06 17:00,10.8
04/16/06 18:00,0.0
04/16/06 19:00,0.0
04/16/06 20:00,0.0
04/16/06 21:00,0.0
04/16/06 22:00,0.0
04/16/06 23:00,0.0
04/17/06 00:00,0.0
04/17/06 01:00,0.0
04/17/06 02:00,0.0
04/17/06 03:00,0.0
04/17/06 04:00,0.0
04/17/06 05:00,0.0
04/17/06 06:00,25.5
04/17/06 07:00,13.6
04/17/06 08:00,3.4
04/17/06 09:00,11.1
04/17/06 10:00,17.0
04/17/06 11:00,15.4
04/17/06 12:00,13.2
04/17/06 13:00,12.2
04/17/06 14:00,9.0
04/17/06 15:00,3.1
04/17/06 16:00,0.7
04/17/06 17:00,0.2
04/17/06 18:00,7.8
04/17/06 19:00,0.0
04/17/06 20:00,0.0
04/17/06 21:00,0.0
04/17/06 22:00,0.0
04/17/06 23:00,0.0
04/18/06 00:00,0.0
04/18/06 01:00,0.0
04/18/06 02:00,0.0
04/18/06 03:00,0.0
04/18/06 04:00,0.0
04/18/06 05:00,0.0
04/18/06 06:00,0.0
04/18/06 07:00,0.3
04/18/06 08:00,6.7
04/18/06 09:00,74.2
04/18/06 10:00,76.8
04/18/06 11:00,76.8
04/18/06 12:00,75.3
04/18/06 13:00,75.3
04/18/06 14:00,73.9
04/18/06 15:00,72.9
04/18/06 16:00,60.3
04/18/06 17:00,37.6
04/18/06 18:00,14.2
04/18/06 19:00,0.0
04/18/06 20:00,0.0
04/18/06 21:00,0.0
04/18/06 22:00,0.0
04/18/06 23:00,0.0
04/19/06 00:00,0.0
04/19/06 01:00,0.0
04/19/06 02:00,0.0
04/19/06 03:00,0.0
04/19/06 04:00,0.0
04/19/06 05:00,0.0
04/19/06 06:00,27.1
04/19/06 07:00,65.3
04/19/06 08:00,75.4
04/19/06 09:00,76.4
04/19/06 10:00,35.9
04/19/06 11:00,67.5
04/19/06 12:00,65.3
04/19/06 13:00,73.3
04/19/06 14:00,73.5
04/19/06 15:00,70.5
04/19/06 16:00,59.8
04/19/06 17:00,37.7
04/19/06 18:00,18.3
04/19/06 19:00,0.0
04/19/06 20:00,0.0
04/19/06 21:00,0.0
04/19/06 22:00,0.0
04/19/06 23:00,0.0
04/20/06 00:00,0.0
04/20/06 01:00,0.0
04/20/06 02:00,0.0
04/20/06 03:00,0.0
04/20/06 04:00,0.0
04/20/06 05:00,0.0
04/20/06 06:00,27.9
04/20/06 07:00,59.5
04/20/06 08:00,23.6
04/20/06 09:00,73.4
04/20/06 10:00,73.2
04/20/06 11:00,72.9
04/20/06 12:00,72.2
04/20/06 13:00,72.2
04/20/06 14:00,71.6
04/20/06 15:00,68.3
04/20/06 16:00,58.3
04/20/06 17:00,34.2
04/20/06 18:00,12.8
04/20/06 19:00,0.0
04/20/06 20:00,0.0
04/20/06 21:00,0.0
04/20/06 22:00,0.0
04/20/06 23:00,0.0
04/21/06 00:00,0.0
04/21/06 01:00,0.0
04/21/06 02:00,0.0
04/21/06 03:00,0.0
04/21/06 04:00,0.0
04/21/06 05:00,0.0
04/21/06 06:00,27.1
04/21/06 07:00,64.6
04/21/06 08:00,70.0
04/21/06 09:00,13.9
04/21/06 10:00,11.1
04/21/06 11:00,12.3
04/21/06 12:00,14.6
04/21/06 13:00,12.7
04/21/06 14:00,10.6
04/21/06 15:00,7.4
04/21/06 16:00,0.7
04/21/06 17:00,2.7
04/21/06 18:00,0.0
04/21/06 19:00,0.0
04/21/06 20:00,0.0
04/21/06 21:00,0.0
04/21/06 22:00,0.0
04/21/06 23:00,0.0
04/22/06 00:00,0.0
04/22/06 01:00,0.0
04/22/06 02:00,0.0
04/22/06 03:00,0.0
04/22/06 04:00,0.0
04/22/06 05:00,0.0
04/22/06 06:00,21.9
04/22/06 07:00,0.8
04/22/06 08:00,1.3
04/22/06 09:00,5.0
04/22/06 10:00,16.7
04/22/06 11:00,16.1
04/22/06 12:00,20.1
04/22/06 13:00,34.6
04/22/06 14:00,38.1
04/22/06 15:00,16.9
04/22/06 16:00,1.4
04/22/06 17:00,0.1
04/22/06 18:00,0.0
04/22/06 19:00,0.0
04/22/06 20:00,0.0
04/22/06 21:00,0.0
04/22/06 22:00,0.0
04/22/06 23:00,0.0
04/23/06 00:00,0.0
04/23/06 01:00,0.0
04/23/06 02:00,0.0
04/23/06 03:00,0.0
04/23/06 04:00,0.0
04/23/06 05:00,0.0
04/23/06 06:00,0.0
04/23/06 07:00,0.1
04/23/06 08:00,6.9
04/23/06 09:00,13.7
04/23/06 10:00,10.9
04/23/06 11:00,14.9
04/23/06 12:00,15.5
04/23/06 13:00,77.0
04/23/06 14:00,76.5
04/23/06 15:00,74.1
04/23/06 16:00,64.6
04/23/06 17:00,42.8
04/23/06 18:00,18.4
04/23/06 19:00,0.0
04/23/06 20:00,0.0
04/23/06 21:00,0.0
04/23/06 22:00,0.0
04/23/06 23:00,0.0
04/24/06 00:00,0.0
04/24/06 01:00,0.0
04/24/06 02:00,0.0
04/24/06 03:00,0.0
04/24/06 04:00,0.0
04/24/06 05:00,0.0
04/24/06 06:00,5.4
04/24/06 07:00,1.0
04/24/06 08:00,1.2
04/24/06 09:00,73.7
04/24/06 10:00,79.8
04/24/06 11:00,75.0
04/24/06 12:00,71.4
04/24/06 13:00,75.0
04/24/06 14:00,75.0
04/24/06 15:00,72.8
04/24/06 16:00,60.0
04/24/06 17:00,40.4
04/24/06 18:00,19.1
04/24/06 19:00,0.0
04/24/06 20:00,0.0
04/24/06 21:00,0.0
04/24/06 22:00,0.0
04/24/06 23:00,0.0
04/25/06 00:00,0.0
04/25/06 01:00,0.0
04/25/06 02:00,0.0
04/25/06 03:00,0.0
04/25/06 04:00,0.0
04/25/06 05:00,0.0
04/25/06 06:00,30.5
04/25/06 07:00,68.4
04/25/06 08:00,76.4
04/25/06 09:00,75.8
04/25/06 10:00,79.1
04/25/06 11:00,77.5
04/25/06 12:00,70.3
04/25/06 13:00,76.0
04/25/06 14:00,76.2
04/25/06 15:00,73.6
04/25/06 16:00,62.2
04/25/06 17:00,37.7
04/25/06 18:00,3.4
04/25/06 19:00,0.0
04/25/06 20:00,0.0
04/25/06 21:00,0.0
04/25/06 22:00,0.0
04/25/06 23:00,0.0
04/26/06 00:00,0.0
04/26/06 01:00,0.0
04/26/06 02:00,0.0
04/26/06 03:00,0.0
04/26/06 04:00,0.0
04/26/06 05:00,0.0
04/26/06 06:00,32.0
04/26/06 07:00,71.3
04/26/06 08:00,80.9
04/26/06 09:00,77.1
04/26/06 10:00,66.0
04/26/06 11:00,60.8
04/26/06 12:00,21.2
04/26/06 13:00,24.6
04/26/06 14:00,12.8
04/26/06 15:00,12.0
04/26/06 16:00,0.8
04/26/06 17:00,0.1
04/26/06 18:00,0.0
04/26/06 19:00,0.0
04/26/06 20:00,0.0
04/26/06 21:00,0.0
04/26/06 22:00,0.0
04/26/06 23:00,0.0
04/27/06 00:00,0.0
04/27/06 01:00,0.0
04/27/06 02:00,0.0
04/27/06 03:00,0.0
04/27/06 04:00,0.0
04/27/06 05:00,0.0
04/27/06 06:00,11.2
04/27/06 07:00,59.0
04/27/06 08:00,57.0
04/27/06 09:00,72.2
04/27/06 10:00,77.6
04/27/06 11:00,77.0
04/27/06 12:00,60.1
04/27/06 13:00,77.3
04/27/06 14:00,80.0
04/27/06 15:00,61.1
04/27/06 16:00,61.7
04/27/06 17:00,29.8
04/27/06 18:00,16.4
04/27/06 19:00,0.0
04/27/06 20:00,0.0
04/27/06 21:00,0.0
04/27/06 22:00,0.0
04/27/06 23:00,0.0
04/28/06 00:00,0.0
04/28/06 01:00,0.0
04/28/06 02:00,0.0
04/28/06 03:00,0.0
04/28/06 04:00,0.0
04/28/06 05:00,0.0
04/28/06 06:00,33.2
04/28/06 07:00,66.0
04/28/06 08:00,76.2
04/28/06 09:00,52.9
04/28/06 10:00,85.0
04/28/06 11:00,75.8
04/28/06 12:00,38.5
04/28/06 13:00,80.3
04/28/06 14:00,75.3
04/28/06 15:00,75.5
04/28/06 16:00,61.4
04/28/06 17:00,41.2
04/28/06 18:00,24.2
04/28/06 19:00,0.0
04/28/06 20:00,0.0
04/28/06 21:00,0.0
04/28/06 22:00,0.0
04/28/06 23:00,0.0
04/29/06 00:00,0.0
04/29/06 01:00,0.0
04/29/06 02:00,0.0
04/29/06 03:00,0.0
04/29/06 04:00,0.0
04/29/06 05:00,0.0
04/29/06 06:00,33.8
04/29/06 07:00,43.5
04/29/06 08:00,74.6
04/29/06 09:00,82.2
04/29/06 10:00,81.1
04/29/06 11:00,77.8
04/29/06 12:00,76.9
04/29/06 13:00,78.4
04/29/06 14:00,71.4
04/29/06 15:00,73.7
04/29/06 16:00,60.6
04/29/06 17:00,41.0
04/29/06 18:00,20.6
04/29/06 19:00,0.0
04/29/06 20:00,0.0
04/29/06 21:00,0.0
04/29/06 22:00,0.0
04/29/06 23:00,0.0
04/30/06 00:00,0.0
04/30/06 01:00,0.0
04/30/06 02:00,0.0
04/30/06 03:00,0.0
04/30/06 04:00,0.0
04/30/06 05:00,0.0
04/30/06 06:00,33.7
04/30/06 07:00,70.2
04/30/06 08:00,78.0
04/30/06 09:00,23.2
04/30/06 10:00,30.3
04/30/06 11:00,33.6
04/30/06 12:00,38.1
04/30/06 13:00,0.0
04/30/06 14:00,60.1
04/30/06 15:00,55.7
04/30/06 16:00,59.7
04/30/06 17:00,40.3
04/30/06 18:00,19.5
04/30/06 19:00,0.0
04/30/06 20:00,0.0
04/30/06 21:00,0.0
04/30/06 22:00,0.0
04/30/06 23:00,0.0
05/01/06 00:00,0.0
05/01/06 01:00,0.0
05/01/06 02:00,0.0
05/01/06 03:00,0.0
05/01/06 04:00,0.0
05/01/06 05:00,0.0
05/01/06 06:00,0.2
05/01/06 07:00,4.0
05/01/06 08:00,19.3
05/01/06 09:00,72.2
05/01/06 10:00,82.6
05/01/06 11:00,79.2
05/01/06 12:00,77.3
05/01/06 13:00,76.7
05/01/06 14:00,77.5
05/01/06 15:00,74.3
05/01/06 16:00,63.0
05/01/06 17:00,41.5
05/01/06 18:00,18.4
05/01/06 19:00,0.0
05/01/06 20:00,0.0
05/01/06 21:00,0.0
05/01/06 22:00,0.0
05/01/06 23:00,0.0
05/02/06 00:00,0.0
05/02/06 01:00,0.0
05/02/06 02:00,0.0
05/02/06 03:00,0.0
05/02/06 04:00,0.0
05/02/06 05:00,0.0
05/02/06 06:00,32.8
05/02/06 07:00,65.0
05/02/06 08:00,76.4
05/02/06 09:00,79.9
05/02/06 10:00,76.9
05/02/06 11:00,74.6
05/02/06 12:00,68.6
05/02/06 13:00,68.6
05/02/06 14:00,68.7
05/02/06 15:00,67.0
05/02/06 16:00,3.3
05/02/06 17:00,0.3
05/02/06 18:00,0.0
05/02/06 19:00,0.0
05/02/06 20:00,0.0
05/02/06 21:00,0.0
05/02/06 22:00,0.0
05/02/06 23:00,0.0
05/03/06 00:00,0.0
05/03/06 01:00,0.0
05/03/06 02:00,0.0
05/03/06 03:00,0.0
05/03/06 04:00,0.0
05/03/06 05:00,0.0
05/03/06 06:00,34.2
05/03/06 07:00,66.3
05/03/06 08:00,73.6
05/03/06 09:00,74.2
05/03/06 10:00,75.0
05/03/06 11:00,60.9
05/03/06 12:00,33.9
05/03/06 13:00,30.1
05/03/06 14:00,72.6
05/03/06 15:00,68.8
05/03/06 16:00,60.6
05/03/06 17:00,39.8
05/03/06 18:00,17.1
05/03/06 19:00,0.0
05/03/06 20:00,0.0
05/03/06 21:00,0.0
05/03/06 22:00,0.0
05/03/06 23:00,0.0
05/04/06 00:00,0.0
05/04/06 01:00,0.0
05/04/06 02:00,0.0
05/04/06 03:00,0.0
05/04/06 04:00,0.0
05/04/06 05:00,0.0
05/04/06 06:00,34.9
05/04/06 07:00,70.7
05/04/06 08:00,72.6
05/04/06 09:00,80.0
05/04/06 10:00,69.8
05/04/06 11:00,73.8
05/04/06 12:00,72.7
05/04/06 13:00,72.8
05/04/06 14:00,73.8
05/04/06 15:00,68.3
05/04/06 16:00,59.4
05/04/06 17:00,40.7
05/04/06 18:00,17.8
05/04/06 19:00,0.0
05/04/06 20:00,0.0
05/04/06 21:00,0.0
05/04/06 22:00,0.0
05/04/06 23:00,0.0
05/05/06 00:00,0.0
05/05/06 01:00,0.0
05/05/06 02:00,0.0
05/05/06 03:00,0.0
05/05/06 04:00,0.0
05/05/06 05:00,0.0
05/05/06 06:00,33.8
05/05/06 07:00,65.0
05/05/06 08:00,67.8
05/05/06 09:00,28.3
05/05/06 10:00,47.3
05/05/06 11:00,29.8
05/05/06 12:00,64.2
05/05/06 13:00,68.0
05/05/06 14:00,47.7
05/05/06 15:00,24.7
05/05/06 16:00,16.1
05/05/06 17:00,0.1
05/05/06 18:00,0.0
05/05/06 19:00,0.0
05/05/06 20:00,0.0
05/05/06 21:00,0.0
05/05/06 22:00,0.0
05/05/06 23:00,0.0
05/06/06 00:00,0.0
05/06/06 01:00,0.0
05/06/06 02:00,0.0
05/06/06 03:00,0.0
05/06/06 04:00,0.0
05/06/06 05:00,0.0
05/06/06 06:00,0.0
05/06/06 07:00,13.4
05/06/06 08:00,40.6
05/06/06 09:00,74.9
05/06/06 10:00,54.0
05/06/06 11:00,74.4
05/06/06 12:00,75.4
05/06/06 13:00,74.8
05/06/06 14:00,73.4
05/06/06 15:00,69.8
05/06/06 16:00,30.0
05/06/06 17:00,17.4
05/06/06 18:00,15.7
05/06/06 19:00,0.0
05/06/06 20:00,0.0
05/06/06 21:00,0.0
05/06/06 22:00,0.0
05/06/06 23:00,0.0
05/07/06 00:00,0.0
05/07/06 01:00,0.0
05/07/06 02:00,0.0
05/07/06 03:00,0.0
05/07/06 04:00,0.0
05/07/06 05:00,0.0
05/07/06 06:00,27.1
05/07/06 07:00,66.2
05/07/06 08:00,48.7
05/07/06 09:00,77.8
05/07/06 10:00,74.4
05/07/06 11:00,44.5
05/07/06 12:00,32.2
05/07/06 13:00,37.4
05/07/06 14:00,9.2
05/07/06 15:00,3.9
05/07/06 16:00,0.9
05/07/06 17:00,0.1
05/07/06 18:00,0.0
05/07/06 19:00,0.0
05/07/06 20:00,0.0
05/07/06 21:00,0.0
05/07/06 22:00,0.0
05/07/06 23:00,0.0
05/08/06 00:00,0.0
05/08/06 01:00,0.0
05/08/06 02:00,0.0
05/08/06 03:00,0.0
05/08/06 04:00,0.0
05/08/06 05:00,0.0
05/08/06 06:00,34.2
05/08/06 07:00,67.5
05/08/06 08:00,73.9
05/08/06 09:00,13.2
05/08/06 10:00,14.1
05/08/06 11:00,16.8
05/08/06 12:00,14.3
05/08/06 13:00,14.4
05/08/06 14:00,10.7
05/08/06 15:00,3.9
05/08/06 16:00,0.7
05/08/06 17:00,0.1
05/08/06 18:00,0.0
05/08/06 19:00,0.0
05/08/06 20:00,0.0
05/08/06 21:00,0.0
05/08/06 22:00,0.0
05/08/06 23:00,0.0
05/09/06 00:00,0.0
05/09/06 01:00,0.0
05/09/06 02:00,0.0
05/09/06 03:00,0.0
05/09/06 04:00,0.0
05/09/06 05:00,0.0
05/09/06 06:00,0.1
05/09/06 07:00,0.9
05/09/06 08:00,3.5
05/09/06 09:00,15.8
05/09/06 10:00,16.8
05/09/06 11:00,17.8
05/09/06 12:00,22.9
05/09/06 13:00,72.5
05/09/06 14:00,54.7
05/09/06 15:00,70.2
05/09/06 16:00,57.2
05/09/06 17:00,39.1
05/09/06 18:00,21.4
05/09/06 19:00,0.0
05/09/06 20:00,0.0
05/09/06 21:00,0.0
05/09/06 22:00,0.0
05/09/06 23:00,0.0
05/10/06 00:00,0.0
05/10/06 01:00,0.0
05/10/06 02:00,0.0
05/10/06 03:00,0.0
05/10/06 04:00,0.0
05/10/06 05:00,0.0
05/10/06 06:00,0.0
05/10/06 07:00,1.1
05/10/06 08:00,74.0
05/10/06 09:00,75.4
05/10/06 10:00,76.0
05/10/06 11:00,75.8
05/10/06 12:00,74.3
05/10/06 13:00,75.3
05/10/06 14:00,73.2
05/10/06 15:00,70.4
05/10/06 16:00,55.7
05/10/06 17:00,37.3
05/10/06 18:00,6.0
05/10/06 19:00,0.0
05/10/06 20:00,0.0
05/10/06 21:00,0.0
05/10/06 22:00,0.0
05/10/06 23:00,0.0
05/11/06 00:00,0.0
05/11/06 01:00,0.0
05/11/06 02:00,0.0
05/11/06 03:00,0.0
05/11/06 04:00,0.0
05/11/06 05:00,0.0
05/11/06 06:00,36.3
05/11/06 07:00,69.4
05/11/06 08:00,56.2
05/11/06 09:00,15.4
05/11/06 10:00,37.4
05/11/06 11:00,12.3
05/11/06 12:00,12.7
05/11/06 13:00,12.3
05/11/06 14:00,10.0
05/11/06 15:00,3.1
05/11/06 16:00,1.1
05/11/06 17:00,0.1
05/11/06 18:00,0.1
05/11/06 19:00,0.0
05/11/06 20:00,0.0
05/11/06 21:00,0.0
05/11/06 22:00,0.0
05/11/06 23:00,0.0
05/12/06 00:00,0.0
05/12/06 01:00,0.0
05/12/06 02:00,0.0
05/12/06 03:00,0.0
05/12/06 04:00,0.0
05/12/06 05:00,0.0
05/12/06 06:00,33.4
05/12/06 07:00,1.6
05/12/06 08:00,70.6
05/12/06 09:00,79.2
05/12/06 10:00,79.5
05/12/06 11:00,77.5
05/12/06 12:00,77.7
05/12/06 13:00,78.0
05/12/06 14:00,77.0
05/12/06 15:00,30.8
05/12/06 16:00,12.8
05/12/06 17:00,34.3
05/12/06 18:00,19.8
05/12/06 19:00,0.0
05/12/06 20:00,0.0
05/12/06 21:00,0.0
05/12/06 22:00,0.0
05/12/06 23:00,0.0
05/13/06 00:00,0.0
05/13/06 01:00,0.0
05/13/06 02:00,0.0
05/13/06 03:00,0.0
05/13/06 04:00,0.0
05/13/06 05:00,0.0
05/13/06 06:00,37.0
05/13/06 07:00,68.0
05/13/06 08:00,71.4
05/13/06 09:00,70.4
05/13/06 10:00,73.8
05/13/06 11:00,72.6
05/13/06 12:00,72.5
05/13/06 13:00,48.2
05/13/06 14:00,73.8
05/13/06 15:00,26.8
05/13/06 16:00,19.9
05/13/06 17:00,38.9
05/13/06 18:00,22.7
05/13/06 19:00,0.0
05/13/06 20:00,0.0
05/13/06 21:00,0.0
05/13/06 22:00,0.0
05/13/06 23:00,0.0
05/14/06 00:00,0.0
05/14/06 01:00,0.0
05/14/06 02:00,0.0
05/14/06 03:00,0.0
05/14/06 04:00,0.0
05/14/06 05:00,0.0
05/14/06 06:00,38.3
05/14/06 07:00,56.4
05/14/06 08:00,20.3
05/14/06 09:00,76.1
05/14/06 10:00,39.5
05/14/06 11:00,17.8
05/14/06 12:00,24.4
05/14/06 13:00,20.2
05/14/06 14:00,30.7
05/14/06 15:00,22.3
05/14/06 16:00,56.7
05/14/06 17:00,39.8
05/14/06 18:00,2.9
05/14/06 19:00,0.0
05/14/06 20:00,0.0
05/14/06 21:00,0.0
05/14/06 22:00,0.0
05/14/06 23:00,0.0
05/15/06 00:00,0.0
05/15/06 01:00,0.0
05/15/06 02:00,0.0
05/15/06 03:00,0.0
05/15/06 04:00,0.0
05/15/06 05:00,0.0
05/15/06 06:00,1.6
05/15/06 07:00,63.2
05/15/06 08:00,48.6
05/15/06 09:00,54.6
05/15/06 10:00,73.2
05/15/06 11:00,30.2
05/15/06 12:00,43.9
05/15/06 13:00,30.3
05/15/06 14:00,55.5
05/15/06 15:00,53.1
05/15/06 16:00,3.5
05/15/06 17:00,12.8
05/15/06 18:00,22.9
05/15/06 19:00,0.0
05/15/06 20:00,0.0
05/15/06 21:00,0.0
05/15/06 22:00,0.0
05/15/06 23:00,0.0
05/16/06 00:00,0.0
05/16/06 01:00,0.0
05/16/06 02:00,0.0
05/16/06 03:00,0.0
05/16/06 04:00,0.0
05/16/06 05:00,0.0
05/16/06 06:00,22.4
05/16/06 07:00,43.4
05/16/06 08:00,75.3
05/16/06 09:00,80.9
05/16/06 10:00,79.1
05/16/06 11:00,77.0
05/16/06 12:00,75.0
05/16/06 13:00,55.2
05/16/06 14:00,49.4
05/16/06 15:00,38.4
05/16/06 16:00,25.6
05/16/06 17:00,27.6
05/16/06 18:00,4.7
05/16/06 19:00,0.0
05/16/06 20:00,0.0
05/16/06 21:00,0.0
05/16/06 22:00,0.0
05/16/06 23:00,0.0
05/17/06 00:00,0.0
05/17/06 01:00,0.0
05/17/06 02:00,0.0
05/17/06 03:00,0.0
05/17/06 04:00,0.0
05/17/06 05:00,0.0
05/17/06 06:00,42.3
05/17/06 07:00,67.6
05/17/06 08:00,72.3
05/17/06 09:00,77.6
05/17/06 10:00,79.4
05/17/06 11:00,78.2
05/17/06 12:00,76.7
05/17/06 13:00,75.0
05/17/06 14:00,69.2
05/17/06 15:00,59.1
05/17/06 16:00,58.2
05/17/06 17:00,14.4
05/17/06 18:00,0.0
05/17/06 19:00,0.0
05/17/06 20:00,0.0
05/17/06 21:00,0.0
05/17/06 22:00,0.0
05/17/06 23:00,0.0
05/18/06 00:00,0.0
05/18/06 01:00,0.0
05/18/06 02:00,0.0
05/18/06 03:00,0.0
05/18/06 04:00,0.0
05/18/06 05:00,0.0
05/18/06 06:00,41.5
05/18/06 07:00,67.2
05/18/06 08:00,47.8
05/18/06 09:00,72.0
05/18/06 10:00,73.5
05/18/06 11:00,70.9
05/18/06 12:00,75.6
05/18/06 13:00,66.7
05/18/06 14:00,63.1
05/18/06 15:00,72.5
05/18/06 16:00,23.6
05/18/06 17:00,45.2
05/18/06 18:00,23.6
05/18/06 19:00,0.0
05/18/06 20:00,0.0
05/18/06 21:00,0.0
05/18/06 22:00,0.0
05/18/06 23:00,0.0
05/19/06 00:00,0.0
05/19/06 01:00,0.0
05/19/06 02:00,0.0
05/19/06 03:00,0.0
05/19/06 04:00,0.0
05/19/06 05:00,0.0
05/19/06 06:00,28.5
05/19/06 07:00,58.7
05/19/06 08:00,76.1
05/19/06 09:00,28.2
05/19/06 10:00,35.4
05/19/06 11:00,18.2
05/19/06 12:00,17.0
05/19/06 13:00,23.2
05/19/06 14:00,11.1
05/19/06 15:00,3.6
05/19/06 16:00,2.3
05/19/06 17:00,0.7
05/19/06 18:00,0.1
05/19/06 19:00,0.0
05/19/06 20:00,0.0
05/19/06 21:00,0.0
05/19/06 22:00,0.0
05/19/06 23:00,0.0
05/20/06 00:00,0.0
05/20/06 01:00,0.0
05/20/06 02:00,0.0
05/20/06 03:00,0.0
05/20/06 04:00,0.0
05/20/06 05:00,0.0
05/20/06 06:00,43.1
05/20/06 07:00,19.9
05/20/06 08:00,77.3
05/20/06 09:00,81.1
05/20/06 10:00,81.7
05/20/06 11:00,76.4
05/20/06 12:00,75.7
05/20/06 13:00,77.7
05/20/06 14:00,77.8
05/20/06 15:00,74.4
05/20/06 16:00,65.2
05/20/06 17:00,45.2
05/20/06 18:00,25.2
05/20/06 19:00,0.0
05/20/06 20:00,0.0
05/20/06 21:00,0.0
05/20/06 22:00,0.0
05/20/06 23:00,0.0
05/21/06 00:00,0.0
05/21/06 01:00,0.0
05/21/06 02:00,0.0
05/21/06 03:00,0.0
05/21/06 04:00,0.0
05/21/06 05:00,0.0
05/21/06 06:00,43.8
05/21/06 07:00,73.4
05/21/06 08:00,81.5
05/21/06 09:00,83.5
05/21/06 10:00,81.4
05/21/06 11:00,80.2
05/21/06 12:00,79.2
05/21/06 13:00,78.8
05/21/06 14:00,76.1
05/21/06 15:00,70.4
05/21/06 16:00,40.6
05/21/06 17:00,2.5
05/21/06 18:00,19.0
05/21/06 19:00,0.0
05/21/06 20:00,0.0
05/21/06 21:00,0.0
05/21/06 22:00,0.0
05/21/06 23:00,0.0
05/22/06 00:00,0.0
05/22/06 01:00,0.0
05/22/06 02:00,0.0
05/22/06 03:00,0.0
05/22/06 04:00,0.0
05/22/06 05:00,0.0
05/22/06 06:00,56.3
05/22/06 07:00,75.6
05/22/06 08:00,81.1
05/22/06 09:00,82.0
05/22/06 10:00,82.5
05/22/06 11:00,79.4
05/22/06 12:00,78.4
05/22/06 13:00,75.4
05/22/06 14:00,78.4
05/22/06 15:00,72.3
05/22/06 16:00,59.8
05/22/06 17:00,45.0
05/22/06 18:00,24.0
05/22/06 19:00,0.0
05/22/06 20:00,0.0
05/22/06 21:00,0.0
05/22/06 22:00,0.0
05/22/06 23:00,0.0
05/23/06 00:00,0.0
05/23/06 01:00,0.0
05/23/06 02:00,0.0
05/23/06 03:00,0.0
05/23/06 04:00,0.0
05/23/06 05:00,0.0
05/23/06 06:00,58.9
05/23/06 07:00,77.5
05/23/06 08:00,83.7
05/23/06 09:00,85.7
05/23/06 10:00,82.3
05/23/06 11:00,82.5
05/23/06 12:00,80.2
05/23/06 13:00,78.2
05/23/06 14:00,80.3
05/23/06 15:00,76.3
05/23/06 16:00,63.7
05/23/06 17:00,49.0
05/23/06 18:00,26.9
05/23/06 19:00,0.0
05/23/06 20:00,0.0
05/23/06 21:00,0.0
05/23/06 22:00,0.0
05/23/06 23:00,0.0
05/24/06 00:00,0.0
05/24/06 01:00,0.0
05/24/06 02:00,0.0
05/24/06 03:00,0.0
05/24/06 04:00,0.0
05/24/06 05:00,0.0
05/24/06 06:00,54.4
05/24/06 07:00,69.1
05/24/06 08:00,68.6
05/24/06 09:00,68.7
05/24/06 10:00,69.3
05/24/06 11:00,77.5
05/24/06 12:00,74.1
05/24/06 13:00,75.9
05/24/06 14:00,75.4
05/24/06 15:00,71.0
05/24/06 16:00,60.4
05/24/06 17:00,42.6
05/24/06 18:00,23.8
05/24/06 19:00,0.0
05/24/06 20:00,0.0
05/24/06 21:00,0.0
05/24/06 22:00,0.0
05/24/06 23:00,0.0
05/25/06 00:00,0.0
05/25/06 01:00,0.0
05/25/06 02:00,0.0
05/25/06 03:00,0.0
05/25/06 04:00,0.0
05/25/06 05:00,0.0
05/25/06 06:00,49.4
05/25/06 07:00,58.4
05/25/06 08:00,41.8
05/25/06 09:00,58.7
05/25/06 10:00,52.7
05/25/06 11:00,12.9
05/25/06 12:00,12.9
05/25/06 13:00,12.2
05/25/06 14:00,10.5
05/25/06 15:00,14.2
05/25/06 16:00,19.0
05/25/06 17:00,1.1
05/25/06 18:00,23.1
05/25/06 19:00,0.0
05/25/06 20:00,0.0
05/25/06 21:00,0.0
05/25/06 22:00,0.0
05/25/06 23:00,0.0
05/26/06 00:00,0.0
05/26/06 01:00,0.0
05/26/06 02:00,0.0
05/26/06 03:00,0.0
05/26/06 04:00,0.0
05/26/06 05:00,0.0
05/26/06 06:00,26.9
05/26/06 07:00,47.6
05/26/06 08:00,16.1
05/26/06 09:00,54.0
05/26/06 10:00,20.2
05/26/06 11:00,14.3
05/26/06 12:00,13.9
05/26/06 13:00,46.7
05/26/06 14:00,40.1
05/26/06 15:00,12.5
05/26/06 16:00,57.2
05/26/06 17:00,0.1
05/26/06 18:00,22.9
05/26/06 19:00,0.0
05/26/06 20:00,0.0
05/26/06 21:00,0.0
05/26/06 22:00,0.0
05/26/06 23:00,0.0
05/27/06 00:00,0.0
05/27/06 01:00,0.0
05/27/06 02:00,0.0
05/27/06 03:00,0.0
05/27/06 04:00,0.0
05/27/06 05:00,0.0
05/27/06 06:00,0.2
05/27/06 07:00,36.7
05/27/06 08:00,68.8
05/27/06 09:00,41.2
05/27/06 10:00,23.1
05/27/06 11:00,76.0
05/27/06 12:00,19.7
05/27/06 13:00,39.6
05/27/06 14:00,68.6
05/27/06 15:00,14.2
05/27/06 16:00,54.3
05/27/06 17:00,44.4
05/27/06 18:00,23.2
05/27/06 19:00,0.0
05/27/06 20:00,0.0
05/27/06 21:00,0.0
05/27/06 22:00,0.0
05/27/06 23:00,0.0
05/28/06 00:00,0.0
05/28/06 01:00,0.0
05/28/06 02:00,0.0
05/28/06 03:00,0.0
05/28/06 04:00,0.0
05/28/06 05:00,0.0
05/28/06 06:00,43.3
05/28/06 07:00,26.8
05/28/06 08:00,67.1
05/28/06 09:00,76.0
05/28/06 10:00,80.2
05/28/06 11:00,72.7
05/28/06 12:00,69.4
05/28/06 13:00,71.2
05/28/06 14:00,73.3
05/28/06 15:00,70.2
05/28/06 16:00,60.0
05/28/06 17:00,43.7
05/28/06 18:00,23.7
05/28/06 19:00,0.0
05/28/06 20:00,0.0
05/28/06 21:00,0.0
05/28/06 22:00,0.0
05/28/06 23:00,0.0
05/29/06 00:00,0.0
05/29/06 01:00,0.0
05/29/06 02:00,0.0
05/29/06 03:00,0.0
05/29/06 04:00,0.0
05/29/06 05:00,0.0
05/29/06 06:00,52.5
05/29/06 07:00,69.0
05/29/06 08:00,75.5
05/29/06 09:00,78.4
05/29/06 10:00,71.2
05/29/06 11:00,74.1
05/29/06 12:00,68.7
05/29/06 13:00,71.1
05/29/06 14:00,73.1
05/29/06 15:00,66.9
05/29/06 16:00,59.2
05/29/06 17:00,42.9
05/29/06 18:00,22.1
05/29/06 19:00,0.0
05/29/06 20:00,0.0
05/29/06 21:00,0.0
05/29/06 22:00,0.0
05/29/06 23:00,0.0
05/30/06 00:00,0.0
05/30/06 01:00,0.0
05/30/06 02:00,0.0
05/30/06 03:00,0.0
05/30/06 04:00,0.0
05/30/06 05:00,0.0
05/30/06 06:00,50.8
05/30/06 07:00,66.6
05/30/06 08:00,70.2
05/30/06 09:00,69.1
05/30/06 10:00,68.5
05/30/06 11:00,67.7
05/30/06 12:00,67.1
05/30/06 13:00,71.9
05/30/06 14:00,69.1
05/30/06 15:00,67.9
05/30/06 16:00,58.1
05/30/06 17:00,42.0
05/30/06 18:00,22.2
05/30/06 19:00,0.0
05/30/06 20:00,0.0
05/30/06 21:00,0.0
05/30/06 22:00,0.0
05/30/06 23:00,0.0
05/31/06 00:00,0.0
05/31/06 01:00,0.0
05/31/06 02:00,0.0
05/31/06 03:00,0.0
05/31/06 04:00,0.0
05/31/06 05:00,0.0
05/31/06 06:00,50.2
05/31/06 07:00,58.0
05/31/06 08:00,25.8
05/31/06 09:00,68.6
05/31/06 10:00,68.7
05/31/06 11:00,68.0
05/31/06 12:00,72.5
05/31/06 13:00,71.4
05/31/06 14:00,71.9
05/31/06 15:00,62.3
05/31/06 16:00,56.5
05/31/06 17:00,40.7
05/31/06 18:00,23.7
05/31/06 19:00,0.0
05/31/06 20:00,0.0
05/31/06 21:00,0.0
05/31/06 22:00,0.0
05/31/06 23:00,0.0
06/01/06 00:00,0.0
06/01/06 01:00,0.0
06/01/06 02:00,0.0
06/01/06 03:00,0.0
06/01/06 04:00,0.0
06/01/06 05:00,0.0
06/01/06 06:00,10.8
06/01/06 07:00,52.2
06/01/06 08:00,70.5
06/01/06 09:00,71.3
06/01/06 10:00,68.1
06/01/06 11:00,67.4
06/01/06 12:00,70.3
06/01/06 13:00,70.0
06/01/06 14:00,67.6
06/01/06 15:00,63.7
06/01/06 16:00,45.4
06/01/06 17:00,41.7
06/01/06 18:00,0.0
06/01/06 19:00,0.0
06/01/06 20:00,0.0
06/01/06 21:00,0.0
06/01/06 22:00,0.0
06/01/06 23:00,0.0
06/02/06 00:00,0.0
06/02/06 01:00,0.0
06/02/06 02:00,0.0
06/02/06 03:00,0.0
06/02/06 04:00,0.0
06/02/06 05:00,0.0
06/02/06 06:00,46.6
06/02/06 07:00,58.1
06/02/06 08:00,21.4
06/02/06 09:00,37.3
06/02/06 10:00,51.7
06/02/06 11:00,56.5
06/02/06 12:00,68.2
06/02/06 13:00,70.9
06/02/06 14:00,51.3
06/02/06 15:00,56.8
06/02/06 16:00,1.0
06/02/06 17:00,14.9
06/02/06 18:00,8.9
06/02/06 19:00,0.0
06/02/06 20:00,0.0
06/02/06 21:00,0.0
06/02/06 22:00,0.0
06/02/06 23:00,0.0
06/03/06 00:00,0.0
06/03/06 01:00,0.0
06/03/06 02:00,0.0
06/03/06 03:00,0.0
06/03/06 04:00,0.0
06/03/06 05:00,0.0
06/03/06 06:00,3.0
06/03/06 07:00,23.4
06/03/06 08:00,10.3
06/03/06 09:00,39.7
06/03/06 10:00,32.2
06/03/06 11:00,61.6
06/03/06 12:00,59.2
06/03/06 13:00,56.2
06/03/06 14:00,71.2
06/03/06 15:00,53.1
06/03/06 16:00,11.7
06/03/06 17:00,42.5
06/03/06 18:00,21.3
06/03/06 19:00,0.0
06/03/06 20:00,0.0
06/03/06 21:00,0.0
06/03/06 22:00,0.0
06/03/06 23:00,0.0
06/04/06 00:00,0.0
06/04/06 01:00,0.0
06/04/06 02:00,0.0
06/04/06 03:00,0.0
06/04/06 04:00,0.0
06/04/06 05:00,0.0
06/04/06 06:00,0.1
06/04/06 07:00,23.9
06/04/06 08:00,72.8
06/04/06 09:00,80.1
06/04/06 10:00,74.9
06/04/06 11:00,72.4
06/04/06 12:00,59.8
06/04/06 13:00,67.4
06/04/06 14:00,45.2
06/04/06 15:00,4.2
06/04/06 16:00,1.3
06/04/06 17:00,1.4
06/04/06 18:00,0.0
06/04/06 19:00,0.0
06/04/06 20:00,0.0
06/04/06 21:00,0.0
06/04/06 22:00,0.0
06/04/06 23:00,0.0
06/05/06 00:00,0.0
06/05/06 01:00,0.0
06/05/06 02:00,0.0
06/05/06 03:00,0.0
06/05/06 04:00,0.0
06/05/06 05:00,0.0
06/05/06 06:00,55.1
06/05/06 07:00,68.3
06/05/06 08:00,77.1
06/05/06 09:00,80.2
06/05/06 10:00,80.9
06/05/06 11:00,72.9
06/05/06 12:00,14.8
06/05/06 13:00,25.3
06/05/06 14:00,22.1
06/05/06 15:00,36.0
06/05/06 16:00,56.5
06/05/06 17:00,19.4
06/05/06 18:00,4.6
06/05/06 19:00,0.0
06/05/06 20:00,0.0
06/05/06 21:00,0.0
06/05/06 22:00,0.0
06/05/06 23:00,0.0
06/06/06 00:00,0.0
06/06/06 01:00,0.0
06/06/06 02:00,0.0
06/06/06 03:00,0.0
06/06/06 04:00,0.0
06/06/06 05:00,0.0
06/06/06 06:00,51.2
06/06/06 07:00,65.9
06/06/06 08:00,65.9
06/06/06 09:00,78.3
06/06/06 10:00,75.9
06/06/06 11:00,76.0
06/06/06 12:00,72.7
06/06/06 13:00,49.6
06/06/06 14:00,10.5
06/06/06 15:00,26.9
06/06/06 16:00,57.8
06/06/06 17:00,36.8
06/06/06 18:00,0.0
06/06/06 19:00,0.0
06/06/06 20:00,0.0
06/06/06 21:00,0.0
06/06/06 22:00,0.0
06/06/06 23:00,0.0
06/07/06 00:00,0.0
06/07/06 01:00,0.0
06/07/06 02:00,0.0
06/07/06 03:00,0.0
06/07/06 04:00,0.0
06/07/06 05:00,0.0
06/07/06 06:00,48.1
06/07/06 07:00,70.2
06/07/06 08:00,66.0
06/07/06 09:00,77.8
06/07/06 10:00,71.6
06/07/06 11:00,73.7
06/07/06 12:00,71.0
06/07/06 13:00,73.3
06/07/06 14:00,71.3
06/07/06 15:00,60.3
06/07/06 16:00,59.3
06/07/06 17:00,42.6
06/07/06 18:00,22.2
06/07/06 19:00,0.0
06/07/06 20:00,0.0
06/07/06 21:00,0.0
06/07/06 22:00,0.0
06/07/06 23:00,0.0
06/08/06 00:00,0.0
06/08/06 01:00,0.0
06/08/06 02:00,0.0
06/08/06 03:00,0.0
06/08/06 04:00,0.0
06/08/06 05:00,0.0
06/08/06 06:00,46.2
06/08/06 07:00,60.2
06/08/06 08:00,34.8
06/08/06 09:00,17.7
06/08/06 10:00,19.5
06/08/06 11:00,29.4
06/08/06 12:00,18.5
06/08/06 13:00,67.7
06/08/06 14:00,66.8
06/08/06 15:00,66.3
06/08/06 16:00,34.9
06/08/06 17:00,22.7
06/08/06 18:00,18.8
06/08/06 19:00,0.0
06/08/06 20:00,0.0
06/08/06 21:00,0.0
06/08/06 22:00,0.0
06/08/06 23:00,0.0
06/09/06 00:00,0.0
06/09/06 01:00,0.0
06/09/06 02:00,0.0
06/09/06 03:00,0.0
06/09/06 04:00,0.0
06/09/06 05:00,0.0
06/09/06 06:00,18.9
06/09/06 07:00,4.3
06/09/06 08:00,66.9
06/09/06 09:00,72.2
06/09/06 10:00,75.4
06/09/06 11:00,74.1
06/09/06 12:00,72.9
06/09/06 13:00,74.2
06/09/06 14:00,17.6
06/09/06 15:00,65.3
06/09/06 16:00,59.9
06/09/06 17:00,35.6
06/09/06 18:00,24.8
06/09/06 19:00,0.0
06/09/06 20:00,0.0
06/09/06 21:00,0.0
06/09/06 22:00,0.0
06/09/06 23:00,0.0
06/10/06 00:00,0.0
06/10/06 01:00,0.0
06/10/06 02:00,0.0
06/10/06 03:00,0.0
06/10/06 04:00,0.0
06/10/06 05:00,0.0
06/10/06 06:00,52.3
06/10/06 07:00,65.9
06/10/06 08:00,25.4
06/10/06 09:00,49.5
06/10/06 10:00,70.3
06/10/06 11:00,50.5
06/10/06 12:00,47.3
06/10/06 13:00,56.1
06/10/06 14:00,46.1
06/10/06 15:00,15.1
06/10/06 16:00,10.3
06/10/06 17:00,9.4
06/10/06 18:00,25.1
06/10/06 19:00,0.0
06/10/06 20:00,0.0
06/10/06 21:00,0.0
06/10/06 22:00,0.0
06/10/06 23:00,0.0
06/11/06 00:00,0.0
06/11/06 01:00,0.0
06/11/06 02:00,0.0
06/11/06 03:00,0.0
06/11/06 04:00,0.0
06/11/06 05:00,0.0
06/11/06 06:00,2.4
06/11/06 07:00,33.8
06/11/06 08:00,37.3
06/11/06 09:00,76.6
06/11/06 10:00,26.9
06/11/06 11:00,18.5
06/11/06 12:00,61.3
06/11/06 13:00,39.8
06/11/06 14:00,30.1
06/11/06 15:00,26.0
06/11/06 16:00,52.9
06/11/06 17:00,34.2
06/11/06 18:00,23.3
06/11/06 19:00,0.0
06/11/06 20:00,0.0
06/11/06 21:00,0.0
06/11/06 22:00,0.0
06/11/06 23:00,0.0
06/12/06 00:00,0.0
06/12/06 01:00,0.0
06/12/06 02:00,0.0
06/12/06 03:00,0.0
06/12/06 04:00,0.0
06/12/06 05:00,0.0
06/12/06 06:00,21.1
06/12/06 07:00,61.9
06/12/06 08:00,28.6
06/12/06 09:00,9.4
06/12/06 10:00,25.6
06/12/06 11:00,14.1
06/12/06 12:00,26.2
06/12/06 13:00,42.8
06/12/06 14:00,63.9
06/12/06 15:00,43.6
06/12/06 16:00,60.2
06/12/06 17:00,46.3
06/12/06 18:00,26.3
06/12/06 19:00,0.0
06/12/06 20:00,0.0
06/12/06 21:00,0.0
06/12/06 22:00,0.0
06/12/06 23:00,0.0
06/13/06 00:00,0.0
06/13/06 01:00,0.0
06/13/06 02:00,0.0
06/13/06 03:00,0.0
06/13/06 04:00,0.0
06/13/06 05:00,0.0
06/13/06 06:00,14.8
06/13/06 07:00,0.4
06/13/06 08:00,66.3
06/13/06 09:00,74.6
06/13/06 10:00,75.2
06/13/06 11:00,73.8
06/13/06 12:00,72.2
06/13/06 13:00,74.4
06/13/06 14:00,72.5
06/13/06 15:00,66.9
06/13/06 16:00,56.7
06/13/06 17:00,33.9
06/13/06 18:00,17.3
06/13/06 19:00,0.0
06/13/06 20:00,0.0
06/13/06 21:00,0.0
06/13/06 22:00,0.0
06/13/06 23:00,0.0
06/14/06 00:00,0.0
06/14/06 01:00,0.0
06/14/06 02:00,0.0
06/14/06 03:00,0.0
06/14/06 04:00,0.0
06/14/06 05:00,0.0
06/14/06 06:00,50.4
06/14/06 07:00,59.1
06/14/06 08:00,3.5
06/14/06 09:00,6.1
06/14/06 10:00,11.0
06/14/06 11:00,12.8
06/14/06 12:00,13.2
06/14/06 13:00,12.2
06/14/06 14:00,9.9
06/14/06 15:00,7.3
06/14/06 16:00,4.7
06/14/06 17:00,16.1
06/14/06 18:00,19.1
06/14/06 19:00,0.0
06/14/06 20:00,0.0
06/14/06 21:00,0.0
06/14/06 22:00,0.0
06/14/06 23:00,0.0
06/15/06 00:00,0.0
06/15/06 01:00,0.0
06/15/06 02:00,0.0
06/15/06 03:00,0.0
06/15/06 04:00,0.0
06/15/06 05:00,0.0
06/15/06 06:00,0.0
06/15/06 07:00,0.3
06/15/06 08:00,68.9
06/15/06 09:00,72.9
06/15/06 10:00,78.5
06/15/06 11:00,74.9
06/15/06 12:00,73.9
06/15/06 13:00,63.2
06/15/06 14:00,65.6
06/15/06 15:00,63.6
06/15/06 16:00,59.3
06/15/06 17:00,45.4
06/15/06 18:00,26.3
06/15/06 19:00,0.0
06/15/06 20:00,0.0
06/15/06 21:00,0.0
06/15/06 22:00,0.0
06/15/06 23:00,0.0
06/16/06 00:00,0.0
06/16/06 01:00,0.0
06/16/06 02:00,0.0
06/16/06 03:00,0.0
06/16/06 04:00,0.0
06/16/06 05:00,0.0
06/16/06 06:00,53.6
06/16/06 07:00,66.1
06/16/06 08:00,69.3
06/16/06 09:00,73.7
06/16/06 10:00,74.6
06/16/06 11:00,72.5
06/16/06 12:00,69.0
06/16/06 13:00,74.4
06/16/06 14:00,71.9
06/16/06 15:00,69.5
06/16/06 16:00,61.0
06/16/06 17:00,46.4
06/16/06 18:00,27.4
06/16/06 19:00,0.0
06/16/06 20:00,0.0
06/16/06 21:00,0.0
06/16/06 22:00,0.0
06/16/06 23:00,0.0
06/17/06 00:00,0.0
06/17/06 01:00,0.0
06/17/06 02:00,0.0
06/17/06 03:00,0.0
06/17/06 04:00,0.0
06/17/06 05:00,0.0
06/17/06 06:00,50.8
06/17/06 07:00,65.7
06/17/06 08:00,71.5
06/17/06 09:00,72.6
06/17/06 10:00,73.7
06/17/06 11:00,73.4
06/17/06 12:00,74.3
06/17/06 13:00,70.9
06/17/06 14:00,70.2
06/17/06 15:00,65.0
06/17/06 16:00,60.6
06/17/06 17:00,42.6
06/17/06 18:00,24.5
06/17/06 19:00,0.0
06/17/06 20:00,0.0
06/17/06 21:00,0.0
06/17/06 22:00,0.0
06/17/06 23:00,0.0
06/18/06 00:00,0.0
06/18/06 01:00,0.0
06/18/06 02:00,0.0
06/18/06 03:00,0.0
06/18/06 04:00,0.0
06/18/06 05:00,0.0
06/18/06 06:00,49.2
06/18/06 07:00,65.4
06/18/06 08:00,61.6
06/18/06 09:00,74.9
06/18/06 10:00,70.8
06/18/06 11:00,72.8
06/18/06 12:00,73.0
06/18/06 13:00,73.6
06/18/06 14:00,72.0
06/18/06 15:00,68.3
06/18/06 16:00,61.3
06/18/06 17:00,46.3
06/18/06 18:00,27.1
06/18/06 19:00,0.0
06/18/06 20:00,0.0
06/18/06 21:00,0.0
06/18/06 22:00,0.0
06/18/06 23:00,0.0
06/19/06 00:00,0.0
06/19/06 01:00,0.0
06/19/06 02:00,0.0
06/19/06 03:00,0.0
06/19/06 04:00,0.0
06/19/06 05:00,0.0
06/19/06 06:00,47.8
06/19/06 07:00,66.2
06/19/06 08:00,61.5
06/19/06 09:00,75.5
06/19/06 10:00,74.8
06/19/06 11:00,74.5
06/19/06 12:00,73.7
06/19/06 13:00,73.3
06/19/06 14:00,65.6
06/19/06 15:00,48.3
06/19/06 16:00,54.0
06/19/06 17:00,1.7
06/19/06 18:00,0.7
06/19/06 19:00,0.0
06/19/06 20:00,0.0
06/19/06 21:00,0.0
06/19/06 22:00,0.0
06/19/06 23:00,0.0
06/20/06 00:00,0.0
06/20/06 01:00,0.0
06/20/06 02:00,0.0
06/20/06 03:00,0.0
06/20/06 04:00,0.0
06/20/06 05:00,0.0
06/20/06 06:00,44.4
06/20/06 07:00,63.1
06/20/06 08:00,67.8
06/20/06 09:00,77.9
06/20/06 10:00,75.4
06/20/06 11:00,70.5
06/20/06 12:00,72.2
06/20/06 13:00,72.0
06/20/06 14:00,18.6
06/20/06 15:00,14.6
06/20/06 16:00,57.9
06/20/06 17:00,41.8
06/20/06 18:00,20.4
06/20/06 19:00,0.0
06/20/06 20:00,0.0
06/20/06 21:00,0.0
06/20/06 22:00,0.0
06/20/06 23:00,0.0
06/21/06 00:00,0.0
06/21/06 01:00,0.0
06/21/06 02:00,0.0
06/21/06 03:00,0.0
06/21/06 04:00,0.0
06/21/06 05:00,0.0
06/21/06 06:00,52.5
06/21/06 07:00,65.3
06/21/06 08:00,68.3
06/21/06 09:00,72.5
06/21/06 10:00,70.3
06/21/06 11:00,68.6
06/21/06 12:00,66.5
06/21/06 13:00,68.9
06/21/06 14:00,70.1
06/21/06 15:00,55.4
06/21/06 16:00,22.1
06/21/06 17:00,37.6
06/21/06 18:00,18.3
06/21/06 19:00,0.0
06/21/06 20:00,0.0
06/21/06 21:00,0.0
06/21/06 22:00,0.0
06/21/06 23:00,0.0
06/22/06 00:00,0.0
06/22/06 01:00,0.0
06/22/06 02:00,0.0
06/22/06 03:00,0.0
06/22/06 04:00,0.0
06/22/06 05:00,0.0
06/22/06 06:00,51.0
06/22/06 07:00,64.7
06/22/06 08:00,48.5
06/22/06 09:00,61.1
06/22/06 10:00,54.0
06/22/06 11:00,68.6
06/22/06 12:00,71.9
06/22/06 13:00,69.8
06/22/06 14:00,71.2
06/22/06 15:00,67.5
06/22/06 16:00,58.3
06/22/06 17:00,41.2
06/22/06 18:00,24.8
06/22/06 19:00,0.0
06/22/06 20:00,0.0
06/22/06 21:00,0.0
06/22/06 22:00,0.0
06/22/06 23:00,0.0
06/23/06 00:00,0.0
06/23/06 01:00,0.0
06/23/06 02:00,0.0
06/23/06 03:00,0.0
06/23/06 04:00,0.0
06/23/06 05:00,0.0
06/23/06 06:00,30.8
06/23/06 07:00,52.8
06/23/06 08:00,57.5
06/23/06 09:00,63.7
06/23/06 10:00,10.4
06/23/06 11:00,23.9
06/23/06 12:00,31.0
06/23/06 13:00,62.7
06/23/06 14:00,59.4
06/23/06 15:00,61.0
06/23/06 16:00,51.8
06/23/06 17:00,41.3
06/23/06 18:00,25.8
06/23/06 19:00,0.0
06/23/06 20:00,0.0
06/23/06 21:00,0.0
06/23/06 22:00,0.0
06/23/06 23:00,0.0
06/24/06 00:00,0.0
06/24/06 01:00,0.0
06/24/06 02:00,0.0
06/24/06 03:00,0.0
06/24/06 04:00,0.0
06/24/06 05:00,0.0
06/24/06 06:00,34.3
06/24/06 07:00,51.5
06/24/06 08:00,17.9
06/24/06 09:00,23.8
06/24/06 10:00,25.2
06/24/06 11:00,45.8
06/24/06 12:00,31.3
06/24/06 13:00,32.0
06/24/06 14:00,27.1
06/24/06 15:00,16.2
06/24/06 16:00,33.9
06/24/06 17:00,40.1
06/24/06 18:00,20.2
06/24/06 19:00,0.0
06/24/06 20:00,0.0
06/24/06 21:00,0.0
06/24/06 22:00,0.0
06/24/06 23:00,0.0
06/25/06 00:00,0.0
06/25/06 01:00,0.0
06/25/06 02:00,0.0
06/25/06 03:00,0.0
06/25/06 04:00,0.0
06/25/06 05:00,0.0
06/25/06 06:00,0.5
06/25/06 07:00,11.8
06/25/06 08:00,1.6
06/25/06 09:00,10.2
06/25/06 10:00,20.1
06/25/06 11:00,19.6
06/25/06 12:00,20.0
06/25/06 13:00,62.8
06/25/06 14:00,61.7
06/25/06 15:00,20.0
06/25/06 16:00,55.4
06/25/06 17:00,0.5
06/25/06 18:00,0.0
06/25/06 19:00,0.0
06/25/06 20:00,0.0
06/25/06 21:00,0.0
06/25/06 22:00,0.0
06/25/06 23:00,0.0
06/26/06 00:00,0.0
06/26/06 01:00,0.0
06/26/06 02:00,0.0
06/26/06 03:00,0.0
06/26/06 04:00,0.0
06/26/06 05:00,0.0
06/26/06 06:00,0.0
06/26/06 07:00,0.5
06/26/06 08:00,13.9
06/26/06 09:00,21.9
06/26/06 10:00,35.7
06/26/06 11:00,18.0
06/26/06 12:00,18.4
06/26/06 13:00,17.1
06/26/06 14:00,20.5
06/26/06 15:00,16.3
06/26/06 16:00,1.1
06/26/06 17:00,0.3
06/26/06 18:00,0.5
06/26/06 19:00,0.0
06/26/06 20:00,0.0
06/26/06 21:00,0.0
06/26/06 22:00,0.0
06/26/06 23:00,0.0
06/27/06 00:00,0.0
06/27/06 01:00,0.0
06/27/06 02:00,0.0
06/27/06 03:00,0.0
06/27/06 04:00,0.0
06/27/06 05:00,0.0
06/27/06 06:00,0.2
06/27/06 07:00,10.1
06/27/06 08:00,47.4
06/27/06 09:00,23.5
06/27/06 10:00,21.9
06/27/06 11:00,24.4
06/27/06 12:00,24.7
06/27/06 13:00,36.7
06/27/06 14:00,50.9
06/27/06 15:00,3.7
06/27/06 16:00,2.6
06/27/06 17:00,0.2
06/27/06 18:00,0.1
06/27/06 19:00,0.0
06/27/06 20:00,0.0
06/27/06 21:00,0.0
06/27/06 22:00,0.0
06/27/06 23:00,0.0
06/28/06 00:00,0.0
06/28/06 01:00,0.0
06/28/06 02:00,0.0
06/28/06 03:00,0.0
06/28/06 04:00,0.0
06/28/06 05:00,0.0
06/28/06 06:00,30.1
06/28/06 07:00,12.1
06/28/06 08:00,68.6
06/28/06 09:00,71.3
06/28/06 10:00,71.1
06/28/06 11:00,0.0
06/28/06 12:00,0.0
06/28/06 13:00,67.3
06/28/06 14:00,69.5
06/28/06 15:00,68.5
06/28/06 16:00,40.6
06/28/06 17:00,44.4
06/28/06 18:00,25.9
06/28/06 19:00,0.0
06/28/06 20:00,0.0
06/28/06 21:00,0.0
06/28/06 22:00,0.0
06/28/06 23:00,0.0
06/29/06 00:00,0.0
06/29/06 01:00,0.0
06/29/06 02:00,0.0
06/29/06 03:00,0.0
06/29/06 04:00,0.0
06/29/06 05:00,0.0
06/29/06 06:00,48.6
06/29/06 07:00,61.9
06/29/06 08:00,65.5
06/29/06 09:00,72.3
06/29/06 10:00,74.8
06/29/06 11:00,69.3
06/29/06 12:00,72.2
06/29/06 13:00,68.2
06/29/06 14:00,66.2
06/29/06 15:00,3.5
06/29/06 16:00,60.6
06/29/06 17:00,3.3
06/29/06 18:00,27.6
06/29/06 19:00,0.0
06/29/06 20:00,0.0
06/29/06 21:00,0.0
06/29/06 22:00,0.0
06/29/06 23:00,0.0
06/30/06 00:00,0.0
06/30/06 01:00,0.0
06/30/06 02:00,0.0
06/30/06 03:00,0.0
06/30/06 04:00,0.0
06/30/06 05:00,0.0
06/30/06 06:00,48.5
06/30/06 07:00,63.3
06/30/06 08:00,68.9
06/30/06 09:00,76.2
06/30/06 10:00,76.6
06/30/06 11:00,75.4
06/30/06 12:00,68.9
06/30/06 13:00,73.1
06/30/06 14:00,67.4
06/30/06 15:00,63.7
06/30/06 16:00,59.5
06/30/06 17:00,44.0
06/30/06 18:00,27.8
06/30/06 19:00,0.0
06/30/06 20:00,0.0
06/30/06 21:00,0.0
06/30/06 22:00,0.0
06/30/06 23:00,0.0
07/01/06 00:00,0.0
07/01/06 01:00,0.0
07/01/06 02:00,0.0
07/01/06 03:00,0.0
07/01/06 04:00,0.0
07/01/06 05:00,0.0
07/01/06 06:00,47.9
07/01/06 07:00,63.6
07/01/06 08:00,58.1
07/01/06 09:00,70.9
07/01/06 10:00,74.0
07/01/06 11:00,72.2
07/01/06 12:00,71.5
07/01/06 13:00,73.1
07/01/06 14:00,0.0
07/01/06 15:00,0.0
07/01/06 16:00,0.0
07/01/06 17:00,43.6
07/01/06 18:00,23.0
07/01/06 19:00,0.0
07/01/06 20:00,0.0
07/01/06 21:00,0.0
07/01/06 22:00,0.0
07/01/06 23:00,0.0
07/02/06 00:00,0.0
07/02/06 01:00,0.0
07/02/06 02:00,0.0
07/02/06 03:00,0.0
07/02/06 04:00,0.0
07/02/06 05:00,0.0
07/02/06 06:00,40.6
07/02/06 07:00,64.5
07/02/06 08:00,66.3
07/02/06 09:00,73.0
07/02/06 10:00,72.5
07/02/06 11:00,71.6
07/02/06 12:00,68.4
07/02/06 13:00,68.4
07/02/06 14:00,68.2
07/02/06 15:00,65.4
07/02/06 16:00,54.4
07/02/06 17:00,40.8
07/02/06 18:00,21.3
07/02/06 19:00,0.0
07/02/06 20:00,0.0
07/02/06 21:00,0.0
07/02/06 22:00,0.0
07/02/06 23:00,0.0
07/03/06 00:00,0.0
07/03/06 01:00,0.0
07/03/06 02:00,0.0
07/03/06 03:00,0.0
07/03/06 04:00,0.0
07/03/06 05:00,0.0
07/03/06 06:00,45.7
07/03/06 07:00,55.9
07/03/06 08:00,42.1
07/03/06 09:00,65.3
07/03/06 10:00,52.8
07/03/06 11:00,25.0
07/03/06 12:00,15.5
07/03/06 13:00,50.0
07/03/06 14:00,28.0
07/03/06 15:00,57.8
07/03/06 16:00,10.6
07/03/06 17:00,2.8
07/03/06 18:00,24.6
07/03/06 19:00,0.0
07/03/06 20:00,0.0
07/03/06 21:00,0.0
07/03/06 22:00,0.0
07/03/06 23:00,0.0
07/04/06 00:00,0.0
07/04/06 01:00,0.0
07/04/06 02:00,0.0
07/04/06 03:00,0.0
07/04/06 04:00,0.0
07/04/06 05:00,0.0
07/04/06 06:00,30.9
07/04/06 07:00,50.8
07/04/06 08:00,47.9
07/04/06 09:00,71.8
07/04/06 10:00,70.6
07/04/06 11:00,68.3
07/04/06 12:00,59.3
07/04/06 13:00,69.8
07/04/06 14:00,65.4
07/04/06 15:00,66.1
07/04/06 16:00,54.0
07/04/06 17:00,34.6
07/04/06 18:00,23.3
07/04/06 19:00,0.0
07/04/06 20:00,0.0
07/04/06 21:00,0.0
07/04/06 22:00,0.0
07/04/06 23:00,0.0
07/05/06 00:00,0.0
07/05/06 01:00,0.0
07/05/06 02:00,0.0
07/05/06 03:00,0.0
07/05/06 04:00,0.0
07/05/06 05:00,0.0
07/05/06 06:00,31.5
07/05/06 07:00,52.0
07/05/06 08:00,2.6
07/05/06 09:00,26.7
07/05/06 10:00,53.6
07/05/06 11:00,38.8
07/05/06 12:00,67.4
07/05/06 13:00,14.2
07/05/06 14:00,12.0
07/05/06 15:00,19.9
07/05/06 16:00,1.0
07/05/06 17:00,0.2
07/05/06 18:00,0.0
07/05/06 19:00,0.0
07/05/06 20:00,0.0
07/05/06 21:00,0.0
07/05/06 22:00,0.0
07/05/06 23:00,0.0
07/06/06 00:00,0.0
07/06/06 01:00,0.0
07/06/06 02:00,0.0
07/06/06 03:00,0.0
07/06/06 04:00,0.0
07/06/06 05:00,0.0
07/06/06 06:00,0.0
07/06/06 07:00,14.1
07/06/06 08:00,10.1
07/06/06 09:00,8.5
07/06/06 10:00,13.3
07/06/06 11:00,11.9
07/06/06 12:00,16.9
07/06/06 13:00,34.3
07/06/06 14:00,71.2
07/06/06 15:00,49.4
07/06/06 16:00,56.5
07/06/06 17:00,23.4
07/06/06 18:00,10.9
07/06/06 19:00,0.0
07/06/06 20:00,0.0
07/06/06 21:00,0.0
07/06/06 22:00,0.0
07/06/06 23:00,0.0
07/07/06 00:00,0.0
07/07/06 01:00,0.0
07/07/06 02:00,0.0
07/07/06 03:00,0.0
07/07/06 04:00,0.0
07/07/06 05:00,0.0
07/07/06 06:00,0.1
07/07/06 07:00,0.3
07/07/06 08:00,54.3
07/07/06 09:00,68.6
07/07/06 10:00,77.6
07/07/06 11:00,74.5
07/07/06 12:00,74.9
07/07/06 13:00,73.1
07/07/06 14:00,70.7
07/07/06 15:00,41.9
07/07/06 16:00,53.3
07/07/06 17:00,36.0
07/07/06 18:00,25.1
07/07/06 19:00,0.0
07/07/06 20:00,0.0
07/07/06 21:00,0.0
07/07/06 22:00,0.0
07/07/06 23:00,0.0
07/08/06 00:00,0.0
07/08/06 01:00,0.0
07/08/06 02:00,0.0
07/08/06 03:00,0.0
07/08/06 04:00,0.0
07/08/06 05:00,0.0
07/08/06 06:00,42.5
07/08/06 07:00,60.1
07/08/06 08:00,67.7
07/08/06 09:00,54.4
07/08/06 10:00,72.5
07/08/06 11:00,72.3
07/08/06 12:00,72.1
07/08/06 13:00,40.8
07/08/06 14:00,63.2
07/08/06 15:00,63.9
07/08/06 16:00,56.8
07/08/06 17:00,44.1
07/08/06 18:00,24.7
07/08/06 19:00,0.0
07/08/06 20:00,0.0
07/08/06 21:00,0.0
07/08/06 22:00,0.0
07/08/06 23:00,0.0
07/09/06 00:00,0.0
07/09/06 01:00,0.0
07/09/06 02:00,0.0
07/09/06 03:00,0.0
07/09/06 04:00,0.0
07/09/06 05:00,0.0
07/09/06 06:00,45.4
07/09/06 07:00,43.6
07/09/06 08:00,68.8
07/09/06 09:00,78.6
07/09/06 10:00,73.8
07/09/06 11:00,72.5
07/09/06 12:00,50.4
07/09/06 13:00,70.6
07/09/06 14:00,69.4
07/09/06 15:00,47.6
07/09/06 16:00,47.7
07/09/06 17:00,24.2
07/09/06 18:00,17.5
07/09/06 19:00,0.0
07/09/06 20:00,0.0
07/09/06 21:00,0.0
07/09/06 22:00,0.0
07/09/06 23:00,0.0
07/10/06 00:00,0.0
07/10/06 01:00,0.0
07/10/06 02:00,0.0
07/10/06 03:00,0.0
07/10/06 04:00,0.0
07/10/06 05:00,0.0
07/10/06 06:00,37.1
07/10/06 07:00,65.2
07/10/06 08:00,54.2
07/10/06 09:00,71.1
07/10/06 10:00,75.4
07/10/06 11:00,67.9
07/10/06 12:00,70.2
07/10/06 13:00,65.8
07/10/06 14:00,60.1
07/10/06 15:00,56.3
07/10/06 16:00,53.6
07/10/06 17:00,41.1
07/10/06 18:00,24.0
07/10/06 19:00,0.0
07/10/06 20:00,0.0
07/10/06 21:00,0.0
07/10/06 22:00,0.0
07/10/06 23:00,0.0
07/11/06 00:00,0.0
07/11/06 01:00,0.0
07/11/06 02:00,0.0
07/11/06 03:00,0.0
07/11/06 04:00,0.0
07/11/06 05:00,0.0
07/11/06 06:00,29.8
07/11/06 07:00,56.3
07/11/06 08:00,60.2
07/11/06 09:00,70.9
07/11/06 10:00,70.3
07/11/06 11:00,65.4
07/11/06 12:00,63.6
07/11/06 13:00,64.3
07/11/06 14:00,61.7
07/11/06 15:00,36.6
07/11/06 16:00,29.6
07/11/06 17:00,33.6
07/11/06 18:00,22.9
07/11/06 19:00,0.0
07/11/06 20:00,0.0
07/11/06 21:00,0.0
07/11/06 22:00,0.0
07/11/06 23:00,0.0
07/12/06 00:00,0.0
07/12/06 01:00,0.0
07/12/06 02:00,0.0
07/12/06 03:00,0.0
07/12/06 04:00,0.0
07/12/06 05:00,0.0
07/12/06 06:00,30.3
07/12/06 07:00,57.6
07/12/06 08:00,33.8
07/12/06 09:00,27.6
07/12/06 10:00,31.6
07/12/06 11:00,65.8
07/12/06 12:00,68.0
07/12/06 13:00,69.7
07/12/06 14:00,66.0
07/12/06 15:00,65.9
07/12/06 16:00,54.9
07/12/06 17:00,40.7
07/12/06 18:00,27.0
07/12/06 19:00,0.0
07/12/06 20:00,0.0
07/12/06 21:00,0.0
07/12/06 22:00,0.0
07/12/06 23:00,0.0
07/13/06 00:00,0.0
07/13/06 01:00,0.0
07/13/06 02:00,0.0
07/13/06 03:00,0.0
07/13/06 04:00,0.0
07/13/06 05:00,0.0
07/13/06 06:00,13.3
07/13/06 07:00,14.5
07/13/06 08:00,4.2
07/13/06 09:00,4.3
07/13/06 10:00,9.8
07/13/06 11:00,26.1
07/13/06 12:00,14.9
07/13/06 13:00,11.0
07/13/06 14:00,11.5
07/13/06 15:00,13.5
07/13/06 16:00,11.5
07/13/06 17:00,2.2
07/13/06 18:00,0.7
07/13/06 19:00,0.0
07/13/06 20:00,0.0
07/13/06 21:00,0.0
07/13/06 22:00,0.0
07/13/06 23:00,0.0
07/14/06 00:00,0.0
07/14/06 01:00,0.0
07/14/06 02:00,0.0
07/14/06 03:00,0.0
07/14/06 04:00,0.0
07/14/06 05:00,0.0
07/14/06 06:00,0.0
07/14/06 07:00,0.1
07/14/06 08:00,0.9
07/14/06 09:00,19.9
07/14/06 10:00,15.4
07/14/06 11:00,29.9
07/14/06 12:00,27.4
07/14/06 13:00,33.0
07/14/06 14:00,15.0
07/14/06 15:00,21.5
07/14/06 16:00,32.1
07/14/06 17:00,19.9
07/14/06 18:00,0.0
07/14/06 19:00,0.0
07/14/06 20:00,0.0
07/14/06 21:00,0.0
07/14/06 22:00,0.0
07/14/06 23:00,0.0
07/15/06 00:00,0.0
07/15/06 01:00,0.0
07/15/06 02:00,0.0
07/15/06 03:00,0.0
07/15/06 04:00,0.0
07/15/06 05:00,0.0
07/15/06 06:00,0.0
07/15/06 07:00,6.8
07/15/06 08:00,5.8
07/15/06 09:00,4.1
07/15/06 10:00,12.0
07/15/06 11:00,13.5
07/15/06 12:00,11.8
07/15/06 13:00,18.9
07/15/06 14:00,64.3
07/15/06 15:00,47.7
07/15/06 16:00,13.3
07/15/06 17:00,43.2
07/15/06 18:00,25.6
07/15/06 19:00,0.0
07/15/06 20:00,0.0
07/15/06 21:00,0.0
07/15/06 22:00,0.0
07/15/06 23:00,0.0
07/16/06 00:00,0.0
07/16/06 01:00,0.0
07/16/06 02:00,0.0
07/16/06 03:00,0.0
07/16/06 04:00,0.0
07/16/06 05:00,0.0
07/16/06 06:00,0.0
07/16/06 07:00,0.1
07/16/06 08:00,62.8
07/16/06 09:00,75.0
07/16/06 10:00,74.3
07/16/06 11:00,72.6
07/16/06 12:00,69.7
07/16/06 13:00,69.8
07/16/06 14:00,68.3
07/16/06 15:00,66.1
07/16/06 16:00,58.8
07/16/06 17:00,44.7
07/16/06 18:00,27.0
07/16/06 19:00,0.0
07/16/06 20:00,0.0
07/16/06 21:00,0.0
07/16/06 22:00,0.0
07/16/06 23:00,0.0
07/17/06 00:00,0.0
07/17/06 01:00,0.0
07/17/06 02:00,0.0
07/17/06 03:00,0.0
07/17/06 04:00,0.0
07/17/06 05:00,0.0
07/17/06 06:00,33.0
07/17/06 07:00,59.9
07/17/06 08:00,63.4
07/17/06 09:00,64.9
07/17/06 10:00,68.1
07/17/06 11:00,66.0
07/17/06 12:00,64.7
07/17/06 13:00,64.9
07/17/06 14:00,63.5
07/17/06 15:00,59.9
07/17/06 16:00,55.5
07/17/06 17:00,41.4
07/17/06 18:00,23.9
07/17/06 19:00,0.0
07/17/06 20:00,0.0
07/17/06 21:00,0.0
07/17/06 22:00,0.0
07/17/06 23:00,0.0
07/18/06 00:00,0.0
07/18/06 01:00,0.0
07/18/06 02:00,0.0
07/18/06 03:00,0.0
07/18/06 04:00,0.0
07/18/06 05:00,0.0
07/18/06 06:00,30.9
07/18/06 07:00,57.3
07/18/06 08:00,61.5
07/18/06 09:00,67.2
07/18/06 10:00,69.2
07/18/06 11:00,68.1
07/18/06 12:00,68.3
07/18/06 13:00,68.1
07/18/06 14:00,66.3
07/18/06 15:00,47.6
07/18/06 16:00,54.6
07/18/06 17:00,41.0
07/18/06 18:00,23.5
07/18/06 19:00,0.0
07/18/06 20:00,0.0
07/18/06 21:00,0.0
07/18/06 22:00,0.0
07/18/06 23:00,0.0
07/19/06 00:00,0.0
07/19/06 01:00,0.0
07/19/06 02:00,0.0
07/19/06 03:00,0.0
07/19/06 04:00,0.0
07/19/06 05:00,0.0
07/19/06 06:00,31.2
07/19/06 07:00,55.1
07/19/06 08:00,32.7
07/19/06 09:00,66.4
07/19/06 10:00,64.2
07/19/06 11:00,57.0
07/19/06 12:00,14.9
07/19/06 13:00,33.9
07/19/06 14:00,59.9
07/19/06 15:00,59.7
07/19/06 16:00,54.8
07/19/06 17:00,40.6
07/19/06 18:00,22.7
07/19/06 19:00,0.0
07/19/06 20:00,0.0
07/19/06 21:00,0.0
07/19/06 22:00,0.0
07/19/06 23:00,0.0
07/20/06 00:00,0.0
07/20/06 01:00,0.0
07/20/06 02:00,0.0
07/20/06 03:00,0.0
07/20/06 04:00,0.0
07/20/06 05:00,0.0
07/20/06 06:00,12.8
07/20/06 07:00,56.9
07/20/06 08:00,59.9
07/20/06 09:00,63.9
07/20/06 10:00,66.9
07/20/06 11:00,66.1
07/20/06 12:00,65.2
07/20/06 13:00,69.8
07/20/06 14:00,65.2
07/20/06 15:00,65.1
07/20/06 16:00,54.3
07/20/06 17:00,41.0
07/20/06 18:00,23.5
07/20/06 19:00,0.0
07/20/06 20:00,0.0
07/20/06 21:00,0.0
07/20/06 22:00,0.0
07/20/06 23:00,0.0
07/21/06 00:00,0.0
07/21/06 01:00,0.0
07/21/06 02:00,0.0
07/21/06 03:00,0.0
07/21/06 04:00,0.0
07/21/06 05:00,0.0
07/21/06 06:00,30.5
07/21/06 07:00,53.7
07/21/06 08:00,55.0
07/21/06 09:00,47.8
07/21/06 10:00,44.6
07/21/06 11:00,68.7
07/21/06 12:00,66.9
07/21/06 13:00,65.7
07/21/06 14:00,62.9
07/21/06 15:00,54.3
07/21/06 16:00,2.6
07/21/06 17:00,0.2
07/21/06 18:00,0.0
07/21/06 19:00,0.0
07/21/06 20:00,0.0
07/21/06 21:00,0.0
07/21/06 22:00,0.0
07/21/06 23:00,0.0
07/22/06 00:00,0.0
07/22/06 01:00,0.0
07/22/06 02:00,0.0
07/22/06 03:00,0.0
07/22/06 04:00,0.0
07/22/06 05:00,0.0
07/22/06 06:00,0.0
07/22/06 07:00,38.5
07/22/06 08:00,44.9
07/22/06 09:00,47.0
07/22/06 10:00,46.1
07/22/06 11:00,47.6
07/22/06 12:00,59.5
07/22/06 13:00,58.2
07/22/06 14:00,36.7
07/22/06 15:00,57.8
07/22/06 16:00,48.5
07/22/06 17:00,44.4
07/22/06 18:00,23.3
07/22/06 19:00,0.0
07/22/06 20:00,0.0
07/22/06 21:00,0.0
07/22/06 22:00,0.0
07/22/06 23:00,0.0
07/23/06 00:00,0.0
07/23/06 01:00,0.0
07/23/06 02:00,0.0
07/23/06 03:00,0.0
07/23/06 04:00,0.0
07/23/06 05:00,0.0
07/23/06 06:00,3.5
07/23/06 07:00,34.8
07/23/06 08:00,33.8
07/23/06 09:00,26.5
07/23/06 10:00,13.8
07/23/06 11:00,15.3
07/23/06 12:00,22.6
07/23/06 13:00,21.0
07/23/06 14:00,49.9
07/23/06 15:00,59.0
07/23/06 16:00,56.9
07/23/06 17:00,43.3
07/23/06 18:00,23.1
07/23/06 19:00,0.0
07/23/06 20:00,0.0
07/23/06 21:00,0.0
07/23/06 22:00,0.0
07/23/06 23:00,0.0
07/24/06 00:00,0.0
07/24/06 01:00,0.0
07/24/06 02:00,0.0
07/24/06 03:00,0.0
07/24/06 04:00,0.0
07/24/06 05:00,0.0
07/24/06 06:00,20.8
07/24/06 07:00,14.1
07/24/06 08:00,3.3
07/24/06 09:00,67.4
07/24/06 10:00,70.3
07/24/06 11:00,69.6
07/24/06 12:00,55.0
07/24/06 13:00,65.3
07/24/06 14:00,49.8
07/24/06 15:00,62.5
07/24/06 16:00,14.9
07/24/06 17:00,12.9
07/24/06 18:00,18.7
07/24/06 19:00,0.0
07/24/06 20:00,0.0
07/24/06 21:00,0.0
07/24/06 22:00,0.0
07/24/06 23:00,0.0
07/25/06 00:00,0.0
07/25/06 01:00,0.0
07/25/06 02:00,0.0
07/25/06 03:00,0.0
07/25/06 04:00,0.0
07/25/06 05:00,0.0
07/25/06 06:00,16.3
07/25/06 07:00,55.2
07/25/06 08:00,64.6
07/25/06 09:00,39.3
07/25/06 10:00,37.9
07/25/06 11:00,22.6
07/25/06 12:00,43.7
07/25/06 13:00,42.1
07/25/06 14:00,33.2
07/25/06 15:00,14.3
07/25/06 16:00,10.7
07/25/06 17:00,10.4
07/25/06 18:00,0.0
07/25/06 19:00,0.0
07/25/06 20:00,0.0
07/25/06 21:00,0.0
07/25/06 22:00,0.0
07/25/06 23:00,0.0
07/26/06 00:00,0.0
07/26/06 01:00,0.0
07/26/06 02:00,0.0
07/26/06 03:00,0.0
07/26/06 04:00,0.0
07/26/06 05:00,0.0
07/26/06 06:00,20.2
07/26/06 07:00,23.8
07/26/06 08:00,25.9
07/26/06 09:00,41.6
07/26/06 10:00,66.1
07/26/06 11:00,69.9
07/26/06 12:00,67.2
07/26/06 13:00,66.6
07/26/06 14:00,63.3
07/26/06 15:00,46.1
07/26/06 16:00,53.2
07/26/06 17:00,40.8
07/26/06 18:00,18.3
07/26/06 19:00,0.0
07/26/06 20:00,0.0
07/26/06 21:00,0.0
07/26/06 22:00,0.0
07/26/06 23:00,0.0
07/27/06 00:00,0.0
07/27/06 01:00,0.0
07/27/06 02:00,0.0
07/27/06 03:00,0.0
07/27/06 04:00,0.0
07/27/06 05:00,0.0
07/27/06 06:00,15.4
07/27/06 07:00,28.5
07/27/06 08:00,62.0
07/27/06 09:00,64.3
07/27/06 10:00,45.4
07/27/06 11:00,36.5
07/27/06 12:00,66.6
07/27/06 13:00,69.0
07/27/06 14:00,64.3
07/27/06 15:00,56.1
07/27/06 16:00,12.4
07/27/06 17:00,40.3
07/27/06 18:00,24.1
07/27/06 19:00,0.0
07/27/06 20:00,0.0
07/27/06 21:00,0.0
07/27/06 22:00,0.0
07/27/06 23:00,0.0
07/28/06 00:00,0.0
07/28/06 01:00,0.0
07/28/06 02:00,0.0
07/28/06 03:00,0.0
07/28/06 04:00,0.0
07/28/06 05:00,0.0
07/28/06 06:00,6.8
07/28/06 07:00,49.5
07/28/06 08:00,33.9
07/28/06 09:00,48.6
07/28/06 10:00,70.1
07/28/06 11:00,68.2
07/28/06 12:00,69.7
07/28/06 13:00,38.4
07/28/06 14:00,12.7
07/28/06 15:00,32.4
07/28/06 16:00,0.9
07/28/06 17:00,14.5
07/28/06 18:00,0.0
07/28/06 19:00,0.0
07/28/06 20:00,0.0
07/28/06 21:00,0.0
07/28/06 22:00,0.0
07/28/06 23:00,0.0
07/29/06 00:00,0.0
07/29/06 01:00,0.0
07/29/06 02:00,0.0
07/29/06 03:00,0.0
07/29/06 04:00,0.0
07/29/06 05:00,0.0
07/29/06 06:00,0.0
07/29/06 07:00,33.5
07/29/06 08:00,67.2
07/29/06 09:00,71.5
07/29/06 10:00,41.9
07/29/06 11:00,63.1
07/29/06 12:00,67.5
07/29/06 13:00,67.7
07/29/06 14:00,67.2
07/29/06 15:00,43.3
07/29/06 16:00,20.6
07/29/06 17:00,15.4
07/29/06 18:00,0.0
07/29/06 19:00,0.0
07/29/06 20:00,0.0
07/29/06 21:00,0.0
07/29/06 22:00,0.0
07/29/06 23:00,0.0
07/30/06 00:00,0.0
07/30/06 01:00,0.0
07/30/06 02:00,0.0
07/30/06 03:00,0.0
07/30/06 04:00,0.0
07/30/06 05:00,0.0
07/30/06 06:00,28.8
07/30/06 07:00,53.9
07/30/06 08:00,29.6
07/30/06 09:00,65.4
07/30/06 10:00,71.6
07/30/06 11:00,71.0
07/30/06 12:00,67.3
07/30/06 13:00,67.1
07/30/06 14:00,65.4
07/30/06 15:00,62.6
07/30/06 16:00,49.1
07/30/06 17:00,34.6
07/30/06 18:00,21.0
07/30/06 19:00,0.0
07/30/06 20:00,0.0
07/30/06 21:00,0.0
07/30/06 22:00,0.0
07/30/06 23:00,0.0
07/31/06 00:00,0.0
07/31/06 01:00,0.0
07/31/06 02:00,0.0
07/31/06 03:00,0.0
07/31/06 04:00,0.0
07/31/06 05:00,0.0
07/31/06 06:00,24.2
07/31/06 07:00,58.9
07/31/06 08:00,68.2
07/31/06 09:00,66.6
07/31/06 10:00,65.5
07/31/06 11:00,62.9
07/31/06 12:00,65.0
07/31/06 13:00,64.0
07/31/06 14:00,59.9
07/31/06 15:00,58.2
07/31/06 16:00,49.4
07/31/06 17:00,32.2
07/31/06 18:00,10.4
07/31/06 19:00,0.0
07/31/06 20:00,0.0
07/31/06 21:00,0.0
07/31/06 22:00,0.0
07/31/06 23:00,0.0
08/01/06 00:00,0.0
08/01/06 01:00,0.0
08/01/06 02:00,0.0
08/01/06 03:00,0.0
08/01/06 04:00,0.0
08/01/06 05:00,0.0
08/01/06 06:00,24.1
08/01/06 07:00,57.5
08/01/06 08:00,66.6
08/01/06 09:00,70.6
08/01/06 10:00,67.0
08/01/06 11:00,64.1
08/01/06 12:00,68.0
08/01/06 13:00,66.2
08/01/06 14:00,64.6
08/01/06 15:00,60.3
08/01/06 16:00,54.9
08/01/06 17:00,38.8
08/01/06 18:00,22.0
08/01/06 19:00,0.0
08/01/06 20:00,0.0
08/01/06 21:00,0.0
08/01/06 22:00,0.0
08/01/06 23:00,0.0
08/02/06 00:00,0.0
08/02/06 01:00,0.0
08/02/06 02:00,0.0
08/02/06 03:00,0.0
08/02/06 04:00,0.0
08/02/06 05:00,0.0
08/02/06 06:00,26.9
08/02/06 07:00,56.7
08/02/06 08:00,65.3
08/02/06 09:00,65.3
08/02/06 10:00,66.4
08/02/06 11:00,64.6
08/02/06 12:00,65.2
08/02/06 13:00,66.9
08/02/06 14:00,63.6
08/02/06 15:00,62.3
08/02/06 16:00,49.1
08/02/06 17:00,34.9
08/02/06 18:00,19.3
08/02/06 19:00,0.0
08/02/06 20:00,0.0
08/02/06 21:00,0.0
08/02/06 22:00,0.0
08/02/06 23:00,0.0
08/03/06 00:00,0.0
08/03/06 01:00,0.0
08/03/06 02:00,0.0
08/03/06 03:00,0.0
08/03/06 04:00,0.0
08/03/06 05:00,0.0
08/03/06 06:00,24.4
08/03/06 07:00,57.1
08/03/06 08:00,67.9
08/03/06 09:00,69.8
08/03/06 10:00,67.4
08/03/06 11:00,66.0
08/03/06 12:00,66.7
08/03/06 13:00,66.9
08/03/06 14:00,27.1
08/03/06 15:00,57.1
08/03/06 16:00,50.2
08/03/06 17:00,34.5
08/03/06 18:00,19.8
08/03/06 19:00,0.0
08/03/06 20:00,0.0
08/03/06 21:00,0.0
08/03/06 22:00,0.0
08/03/06 23:00,0.0
08/04/06 00:00,0.0
08/04/06 01:00,0.0
08/04/06 02:00,0.0
08/04/06 03:00,0.0
08/04/06 04:00,0.0
08/04/06 05:00,0.0
08/04/06 06:00,28.0
08/04/06 07:00,58.6
08/04/06 08:00,64.0
08/04/06 09:00,70.2
08/04/06 10:00,69.3
08/04/06 11:00,65.4
08/04/06 12:00,65.0
08/04/06 13:00,56.5
08/04/06 14:00,32.0
08/04/06 15:00,57.6
08/04/06 16:00,51.6
08/04/06 17:00,24.3
08/04/06 18:00,16.0
08/04/06 19:00,0.0
08/04/06 20:00,0.0
08/04/06 21:00,0.0
08/04/06 22:00,0.0
08/04/06 23:00,0.0
08/05/06 00:00,0.0
08/05/06 01:00,0.0
08/05/06 02:00,0.0
08/05/06 03:00,0.0
08/05/06 04:00,0.0
08/05/06 05:00,0.0
08/05/06 06:00,29.2
08/05/06 07:00,58.0
08/05/06 08:00,65.7
08/05/06 09:00,69.3
08/05/06 10:00,72.4
08/05/06 11:00,71.3
08/05/06 12:00,70.0
08/05/06 13:00,67.0
08/05/06 14:00,69.1
08/05/06 15:00,65.5
08/05/06 16:00,55.1
08/05/06 17:00,40.4
08/05/06 18:00,22.4
08/05/06 19:00,0.0
08/05/06 20:00,0.0
08/05/06 21:00,0.0
08/05/06 22:00,0.0
08/05/06 23:00,0.0
08/06/06 00:00,0.0
08/06/06 01:00,0.0
08/06/06 02:00,0.0
08/06/06 03:00,0.0
08/06/06 04:00,0.0
08/06/06 05:00,0.0
08/06/06 06:00,29.1
08/06/06 07:00,58.7
08/06/06 08:00,68.0
08/06/06 09:00,67.6
08/06/06 10:00,67.7
08/06/06 11:00,65.1
08/06/06 12:00,67.3
08/06/06 13:00,69.1
08/06/06 14:00,67.7
08/06/06 15:00,63.5
08/06/06 16:00,51.8
08/06/06 17:00,33.3
08/06/06 18:00,17.3
08/06/06 19:00,0.0
08/06/06 20:00,0.0
08/06/06 21:00,0.0
08/06/06 22:00,0.0
08/06/06 23:00,0.0
08/07/06 00:00,0.0
08/07/06 01:00,0.0
08/07/06 02:00,0.0
08/07/06 03:00,0.0
08/07/06 04:00,0.0
08/07/06 05:00,0.0
08/07/06 06:00,26.7
08/07/06 07:00,58.8
08/07/06 08:00,66.0
08/07/06 09:00,60.1
08/07/06 10:00,29.6
08/07/06 11:00,20.7
08/07/06 12:00,64.4
08/07/06 13:00,63.6
08/07/06 14:00,65.0
08/07/06 15:00,63.9
08/07/06 16:00,53.2
08/07/06 17:00,32.9
08/07/06 18:00,0.1
08/07/06 19:00,0.0
08/07/06 20:00,0.0
08/07/06 21:00,0.0
08/07/06 22:00,0.0
08/07/06 23:00,0.0
08/08/06 00:00,0.0
08/08/06 01:00,0.0
08/08/06 02:00,0.0
08/08/06 03:00,0.0
08/08/06 04:00,0.0
08/08/06 05:00,0.0
08/08/06 06:00,25.1
08/08/06 07:00,45.0
08/08/06 08:00,19.1
08/08/06 09:00,16.6
08/08/06 10:00,57.1
08/08/06 11:00,23.3
08/08/06 12:00,67.4
08/08/06 13:00,63.1
08/08/06 14:00,52.7
08/08/06 15:00,58.7
08/08/06 16:00,41.3
08/08/06 17:00,10.7
08/08/06 18:00,0.0
08/08/06 19:00,0.0
08/08/06 20:00,0.0
08/08/06 21:00,0.0
08/08/06 22:00,0.0
08/08/06 23:00,0.0
08/09/06 00:00,0.0
08/09/06 01:00,0.0
08/09/06 02:00,0.0
08/09/06 03:00,0.0
08/09/06 04:00,0.0
08/09/06 05:00,0.0
08/09/06 06:00,0.0
08/09/06 07:00,2.3
08/09/06 08:00,50.6
08/09/06 09:00,72.7
08/09/06 10:00,71.1
08/09/06 11:00,68.1
08/09/06 12:00,64.0
08/09/06 13:00,52.8
08/09/06 14:00,47.0
08/09/06 15:00,44.3
08/09/06 16:00,50.7
08/09/06 17:00,35.4
08/09/06 18:00,8.7
08/09/06 19:00,0.0
08/09/06 20:00,0.0
08/09/06 21:00,0.0
08/09/06 22:00,0.0
08/09/06 23:00,0.0
08/10/06 00:00,0.0
08/10/06 01:00,0.0
08/10/06 02:00,0.0
08/10/06 03:00,0.0
08/10/06 04:00,0.0
08/10/06 05:00,0.0
08/10/06 06:00,24.4
08/10/06 07:00,57.3
08/10/06 08:00,66.1
08/10/06 09:00,20.8
08/10/06 10:00,40.0
08/10/06 11:00,24.7
08/10/06 12:00,11.5
08/10/06 13:00,22.7
08/10/06 14:00,15.9
08/10/06 15:00,46.3
08/10/06 16:00,0.6
08/10/06 17:00,35.7
08/10/06 18:00,0.7
08/10/06 19:00,0.0
08/10/06 20:00,0.0
08/10/06 21:00,0.0
08/10/06 22:00,0.0
08/10/06 23:00,0.0
08/11/06 00:00,0.0
08/11/06 01:00,0.0
08/11/06 02:00,0.0
08/11/06 03:00,0.0
08/11/06 04:00,0.0
08/11/06 05:00,0.0
08/11/06 06:00,0.0
08/11/06 07:00,3.2
08/11/06 08:00,30.6
08/11/06 09:00,10.5
08/11/06 10:00,22.2
08/11/06 11:00,24.6
08/11/06 12:00,25.6
08/11/06 13:00,70.8
08/11/06 14:00,69.6
08/11/06 15:00,65.0
08/11/06 16:00,45.6
08/11/06 17:00,22.4
08/11/06 18:00,5.1
08/11/06 19:00,0.0
08/11/06 20:00,0.0
08/11/06 21:00,0.0
08/11/06 22:00,0.0
08/11/06 23:00,0.0
08/12/06 00:00,0.0
08/12/06 01:00,0.0
08/12/06 02:00,0.0
08/12/06 03:00,0.0
08/12/06 04:00,0.0
08/12/06 05:00,0.0
08/12/06 06:00,0.0
08/12/06 07:00,0.4
08/12/06 08:00,12.5
08/12/06 09:00,74.7
08/12/06 10:00,77.1
08/12/06 11:00,74.4
08/12/06 12:00,71.9
08/12/06 13:00,69.9
08/12/06 14:00,69.2
08/12/06 15:00,67.6
08/12/06 16:00,56.9
08/12/06 17:00,39.8
08/12/06 18:00,20.6
08/12/06 19:00,0.0
08/12/06 20:00,0.0
08/12/06 21:00,0.0
08/12/06 22:00,0.0
08/12/06 23:00,0.0
08/13/06 00:00,0.0
08/13/06 01:00,0.0
08/13/06 02:00,0.0
08/13/06 03:00,0.0
08/13/06 04:00,0.0
08/13/06 05:00,0.0
08/13/06 06:00,28.6
08/13/06 07:00,60.7
08/13/06 08:00,69.2
08/13/06 09:00,69.4
08/13/06 10:00,67.5
08/13/06 11:00,66.5
08/13/06 12:00,66.8
08/13/06 13:00,65.3
08/13/06 14:00,67.6
08/13/06 15:00,34.3
08/13/06 16:00,53.8
08/13/06 17:00,34.4
08/13/06 18:00,9.7
08/13/06 19:00,0.0
08/13/06 20:00,0.0
08/13/06 21:00,0.0
08/13/06 22:00,0.0
08/13/06 23:00,0.0
08/14/06 00:00,0.0
08/14/06 01:00,0.0
08/14/06 02:00,0.0
08/14/06 03:00,0.0
08/14/06 04:00,0.0
08/14/06 05:00,0.0
08/14/06 06:00,25.6
08/14/06 07:00,61.3
08/14/06 08:00,69.8
08/14/06 09:00,57.8
08/14/06 10:00,67.0
08/14/06 11:00,69.1
08/14/06 12:00,69.4
08/14/06 13:00,68.4
08/14/06 14:00,67.7
08/14/06 15:00,61.6
08/14/06 16:00,47.6
08/14/06 17:00,24.6
08/14/06 18:00,17.5
08/14/06 19:00,0.0
08/14/06 20:00,0.0
08/14/06 21:00,0.0
08/14/06 22:00,0.0
08/14/06 23:00,0.0
08/15/06 00:00,0.0
08/15/06 01:00,0.0
08/15/06 02:00,0.0
08/15/06 03:00,0.0
08/15/06 04:00,0.0
08/15/06 05:00,0.0
08/15/06 06:00,0.0
08/15/06 07:00,0.0
08/15/06 08:00,0.0
08/15/06 09:00,56.2
08/15/06 10:00,60.3
08/15/06 11:00,28.6
08/15/06 12:00,14.9
08/15/06 13:00,11.6
08/15/06 14:00,12.1
08/15/06 15:00,15.3
08/15/06 16:00,3.1
08/15/06 17:00,30.7
08/15/06 18:00,18.9
08/15/06 19:00,0.0
08/15/06 20:00,0.0
08/15/06 21:00,0.0
08/15/06 22:00,0.0
08/15/06 23:00,0.0
08/16/06 00:00,0.0
08/16/06 01:00,0.0
08/16/06 02:00,0.0
08/16/06 03:00,0.0
08/16/06 04:00,0.0
08/16/06 05:00,0.0
08/16/06 06:00,19.5
08/16/06 07:00,46.7
08/16/06 08:00,53.9
08/16/06 09:00,67.9
08/16/06 10:00,72.4
08/16/06 11:00,71.6
08/16/06 12:00,68.1
08/16/06 13:00,68.5
08/16/06 14:00,63.6
08/16/06 15:00,63.2
08/16/06 16:00,53.4
08/16/06 17:00,37.9
08/16/06 18:00,19.2
08/16/06 19:00,0.0
08/16/06 20:00,0.0
08/16/06 21:00,0.0
08/16/06 22:00,0.0
08/16/06 23:00,0.0
08/17/06 00:00,0.0
08/17/06 01:00,0.0
08/17/06 02:00,0.0
08/17/06 03:00,0.0
08/17/06 04:00,0.0
08/17/06 05:00,0.0
08/17/06 06:00,26.2
08/17/06 07:00,59.7
08/17/06 08:00,68.2
08/17/06 09:00,70.6
08/17/06 10:00,74.8
08/17/06 11:00,67.9
08/17/06 12:00,67.1
08/17/06 13:00,63.2
08/17/06 14:00,54.1
08/17/06 15:00,36.2
08/17/06 16:00,31.0
08/17/06 17:00,6.6
08/17/06 18:00,13.7
08/17/06 19:00,0.0
08/17/06 20:00,0.0
08/17/06 21:00,0.0
08/17/06 22:00,0.0
08/17/06 23:00,0.0
08/18/06 00:00,0.0
08/18/06 01:00,0.0
08/18/06 02:00,0.0
08/18/06 03:00,0.0
08/18/06 04:00,0.0
08/18/06 05:00,0.0
08/18/06 06:00,25.6
08/18/06 07:00,58.4
08/18/06 08:00,67.0
08/18/06 09:00,62.2
08/18/06 10:00,61.6
08/18/06 11:00,72.4
08/18/06 12:00,70.3
08/18/06 13:00,66.2
08/18/06 14:00,59.3
08/18/06 15:00,64.4
08/18/06 16:00,38.4
08/18/06 17:00,35.0
08/18/06 18:00,1.8
08/18/06 19:00,0.0
08/18/06 20:00,0.0
08/18/06 21:00,0.0
08/18/06 22:00,0.0
08/18/06 23:00,0.0
08/19/06 00:00,0.0
08/19/06 01:00,0.0
08/19/06 02:00,0.0
08/19/06 03:00,0.0
08/19/06 04:00,0.0
08/19/06 05:00,0.0
08/19/06 06:00,24.3
08/19/06 07:00,49.9
08/19/06 08:00,58.6
08/19/06 09:00,66.9
08/19/06 10:00,61.7
08/19/06 11:00,58.9
08/19/06 12:00,68.4
08/19/06 13:00,67.1
08/19/06 14:00,50.3
08/19/06 15:00,61.9
08/19/06 16:00,51.6
08/19/06 17:00,2.6
08/19/06 18:00,10.5
08/19/06 19:00,0.0
08/19/06 20:00,0.0
08/19/06 21:00,0.0
08/19/06 22:00,0.0
08/19/06 23:00,0.0
08/20/06 00:00,0.0
08/20/06 01:00,0.0
08/20/06 02:00,0.0
08/20/06 03:00,0.0
08/20/06 04:00,0.0
08/20/06 05:00,0.0
08/20/06 06:00,24.5
08/20/06 07:00,51.9
08/20/06 08:00,52.9
08/20/06 09:00,20.7
08/20/06 10:00,66.8
08/20/06 11:00,66.0
08/20/06 12:00,41.1
08/20/06 13:00,43.0
08/20/06 14:00,33.4
08/20/06 15:00,33.6
08/20/06 16:00,43.8
08/20/06 17:00,26.9
08/20/06 18:00,0.0
08/20/06 19:00,0.0
08/20/06 20:00,0.0
08/20/06 21:00,0.0
08/20/06 22:00,0.0
08/20/06 23:00,0.0
08/21/06 00:00,0.0
08/21/06 01:00,0.0
08/21/06 02:00,0.0
08/21/06 03:00,0.0
08/21/06 04:00,0.0
08/21/06 05:00,0.0
08/21/06 06:00,1.6
08/21/06 07:00,6.5
08/21/06 08:00,60.6
08/21/06 09:00,72.8
08/21/06 10:00,67.9
08/21/06 11:00,69.4
08/21/06 12:00,63.5
08/21/06 13:00,67.3
08/21/06 14:00,66.3
08/21/06 15:00,64.1
08/21/06 16:00,56.2
08/21/06 17:00,38.3
08/21/06 18:00,17.3
08/21/06 19:00,0.0
08/21/06 20:00,0.0
08/21/06 21:00,0.0
08/21/06 22:00,0.0
08/21/06 23:00,0.0
08/22/06 00:00,0.0
08/22/06 01:00,0.0
08/22/06 02:00,0.0
08/22/06 03:00,0.0
08/22/06 04:00,0.0
08/22/06 05:00,0.0
08/22/06 06:00,25.1
08/22/06 07:00,57.9
08/22/06 08:00,67.7
08/22/06 09:00,67.2
08/22/06 10:00,69.5
08/22/06 11:00,59.5
08/22/06 12:00,42.2
08/22/06 13:00,55.1
08/22/06 14:00,60.0
08/22/06 15:00,53.8
08/22/06 16:00,37.0
08/22/06 17:00,24.6
08/22/06 18:00,8.2
08/22/06 19:00,0.0
08/22/06 20:00,0.0
08/22/06 21:00,0.0
08/22/06 22:00,0.0
08/22/06 23:00,0.0
08/23/06 00:00,0.0
08/23/06 01:00,0.0
08/23/06 02:00,0.0
08/23/06 03:00,0.0
08/23/06 04:00,0.0
08/23/06 05:00,0.0
08/23/06 06:00,1.5
08/23/06 07:00,53.5
08/23/06 08:00,65.0
08/23/06 09:00,64.7
08/23/06 10:00,64.9
08/23/06 11:00,68.5
08/23/06 12:00,62.2
08/23/06 13:00,64.4
08/23/06 14:00,62.0
08/23/06 15:00,60.1
08/23/06 16:00,48.2
08/23/06 17:00,31.7
08/23/06 18:00,14.4
08/23/06 19:00,0.0
08/23/06 20:00,0.0
08/23/06 21:00,0.0
08/23/06 22:00,0.0
08/23/06 23:00,0.0
08/24/06 00:00,0.0
08/24/06 01:00,0.0
08/24/06 02:00,0.0
08/24/06 03:00,0.0
08/24/06 04:00,0.0
08/24/06 05:00,0.0
08/24/06 06:00,23.3
08/24/06 07:00,55.6
08/24/06 08:00,65.2
08/24/06 09:00,68.2
08/24/06 10:00,64.3
08/24/06 11:00,62.2
08/24/06 12:00,62.7
08/24/06 13:00,64.6
08/24/06 14:00,63.8
08/24/06 15:00,59.4
08/24/06 16:00,48.2
08/24/06 17:00,31.5
08/24/06 18:00,12.4
08/24/06 19:00,0.0
08/24/06 20:00,0.0
08/24/06 21:00,0.0
08/24/06 22:00,0.0
08/24/06 23:00,0.0
08/25/06 00:00,0.0
08/25/06 01:00,0.0
08/25/06 02:00,0.0
08/25/06 03:00,0.0
08/25/06 04:00,0.0
08/25/06 05:00,0.0
08/25/06 06:00,20.1
08/25/06 07:00,59.9
08/25/06 08:00,65.2
08/25/06 09:00,65.6
08/25/06 10:00,63.9
08/25/06 11:00,63.3
08/25/06 12:00,63.5
08/25/06 13:00,62.8
08/25/06 14:00,56.9
08/25/06 15:00,56.4
08/25/06 16:00,25.4
08/25/06 17:00,13.0
08/25/06 18:00,2.6
08/25/06 19:00,0.0
08/25/06 20:00,0.0
08/25/06 21:00,0.0
08/25/06 22:00,0.0
08/25/06 23:00,0.0
08/26/06 00:00,0.0
08/26/06 01:00,0.0
08/26/06 02:00,0.0
08/26/06 03:00,0.0
08/26/06 04:00,0.0
08/26/06 05:00,0.0
08/26/06 06:00,23.5
08/26/06 07:00,58.0
08/26/06 08:00,63.6
08/26/06 09:00,67.0
08/26/06 10:00,65.8
08/26/06 11:00,59.3
08/26/06 12:00,61.8
08/26/06 13:00,61.2
08/26/06 14:00,40.9
08/26/06 15:00,21.5
08/26/06 16:00,40.9
08/26/06 17:00,28.0
08/26/06 18:00,5.5
08/26/06 19:00,0.0
08/26/06 20:00,0.0
08/26/06 21:00,0.0
08/26/06 22:00,0.0
08/26/06 23:00,0.0
08/27/06 00:00,0.0
08/27/06 01:00,0.0
08/27/06 02:00,0.0
08/27/06 03:00,0.0
08/27/06 04:00,0.0
08/27/06 05:00,0.0
08/27/06 06:00,16.7
08/27/06 07:00,55.6
08/27/06 08:00,62.0
08/27/06 09:00,27.9
08/27/06 10:00,65.1
08/27/06 11:00,59.1
08/27/06 12:00,62.0
08/27/06 13:00,64.4
08/27/06 14:00,63.7
08/27/06 15:00,59.0
08/27/06 16:00,12.2
08/27/06 17:00,0.0
08/27/06 18:00,0.0
08/27/06 19:00,0.0
08/27/06 20:00,0.0
08/27/06 21:00,0.0
08/27/06 22:00,0.0
08/27/06 23:00,0.0
08/28/06 00:00,0.0
08/28/06 01:00,0.0
08/28/06 02:00,0.0
08/28/06 03:00,0.0
08/28/06 04:00,0.0
08/28/06 05:00,0.0
08/28/06 06:00,16.1
08/28/06 07:00,14.6
08/28/06 08:00,58.1
08/28/06 09:00,61.4
08/28/06 10:00,31.2
08/28/06 11:00,31.3
08/28/06 12:00,40.1
08/28/06 13:00,60.1
08/28/06 14:00,55.4
08/28/06 15:00,24.7
08/28/06 16:00,31.3
08/28/06 17:00,22.3
08/28/06 18:00,0.0
08/28/06 19:00,0.0
08/28/06 20:00,0.0
08/28/06 21:00,0.0
08/28/06 22:00,0.0
08/28/06 23:00,0.0
08/29/06 00:00,0.0
08/29/06 01:00,0.0
08/29/06 02:00,0.0
08/29/06 03:00,0.0
08/29/06 04:00,0.0
08/29/06 05:00,0.0
08/29/06 06:00,20.8
08/29/06 07:00,44.3
08/29/06 08:00,20.0
08/29/06 09:00,24.7
08/29/06 10:00,66.5
08/29/06 11:00,64.7
08/29/06 12:00,47.6
08/29/06 13:00,64.0
08/29/06 14:00,62.3
08/29/06 15:00,56.4
08/29/06 16:00,6.9
08/29/06 17:00,1.5
08/29/06 18:00,4.1
08/29/06 19:00,0.0
08/29/06 20:00,0.0
08/29/06 21:00,0.0
08/29/06 22:00,0.0
08/29/06 23:00,0.0
08/30/06 00:00,0.0
08/30/06 01:00,0.0
08/30/06 02:00,0.0
08/30/06 03:00,0.0
08/30/06 04:00,0.0
08/30/06 05:00,0.0
08/30/06 06:00,21.2
08/30/06 07:00,10.9
08/30/06 08:00,61.0
08/30/06 09:00,48.6
08/30/06 10:00,31.8
08/30/06 11:00,24.0
08/30/06 12:00,31.3
08/30/06 13:00,32.4
08/30/06 14:00,20.1
08/30/06 15:00,1.5
08/30/06 16:00,0.3
08/30/06 17:00,0.0
08/30/06 18:00,0.0
08/30/06 19:00,0.0
08/30/06 20:00,0.0
08/30/06 21:00,0.0
08/30/06 22:00,0.0
08/30/06 23:00,0.0
08/31/06 00:00,0.0
08/31/06 01:00,0.0
08/31/06 02:00,0.0
08/31/06 03:00,0.0
08/31/06 04:00,0.0
08/31/06 05:00,0.0
08/31/06 06:00,0.0
08/31/06 07:00,36.5
08/31/06 08:00,21.1
08/31/06 09:00,4.0
08/31/06 10:00,7.3
08/31/06 11:00,17.0
08/31/06 12:00,12.2
08/31/06 13:00,11.8
08/31/06 14:00,11.0
08/31/06 15:00,2.6
08/31/06 16:00,0.6
08/31/06 17:00,0.0
08/31/06 18:00,0.0
08/31/06 19:00,0.0
08/31/06 20:00,0.0
08/31/06 21:00,0.0
08/31/06 22:00,0.0
08/31/06 23:00,0.0
09/01/06 00:00,0.0
09/01/06 01:00,0.0
09/01/06 02:00,0.0
09/01/06 03:00,0.0
09/01/06 04:00,0.0
09/01/06 05:00,0.0
09/01/06 06:00,0.0
09/01/06 07:00,0.1
09/01/06 08:00,0.5
09/01/06 09:00,20.2
09/01/06 10:00,9.0
09/01/06 11:00,12.6
09/01/06 12:00,12.6
09/01/06 13:00,10.8
09/01/06 14:00,6.0
09/01/06 15:00,2.3
09/01/06 16:00,0.4
09/01/06 17:00,0.0
09/01/06 18:00,0.0
09/01/06 19:00,0.0
09/01/06 20:00,0.0
09/01/06 21:00,0.0
09/01/06 22:00,0.0
09/01/06 23:00,0.0
09/02/06 00:00,0.0
09/02/06 01:00,0.0
09/02/06 02:00,0.0
09/02/06 03:00,0.0
09/02/06 04:00,0.0
09/02/06 05:00,0.0
09/02/06 06:00,0.0
09/02/06 07:00,1.9
09/02/06 08:00,0.6
09/02/06 09:00,27.4
09/02/06 10:00,36.7
09/02/06 11:00,25.2
09/02/06 12:00,71.2
09/02/06 13:00,65.5
09/02/06 14:00,47.2
09/02/06 15:00,64.5
09/02/06 16:00,35.8
09/02/06 17:00,23.2
09/02/06 18:00,0.0
09/02/06 19:00,0.0
09/02/06 20:00,0.0
09/02/06 21:00,0.0
09/02/06 22:00,0.0
09/02/06 23:00,0.0
09/03/06 00:00,0.0
09/03/06 01:00,0.0
09/03/06 02:00,0.0
09/03/06 03:00,0.0
09/03/06 04:00,0.0
09/03/06 05:00,0.0
09/03/06 06:00,0.0
09/03/06 07:00,14.8
09/03/06 08:00,23.2
09/03/06 09:00,31.1
09/03/06 10:00,66.2
09/03/06 11:00,50.4
09/03/06 12:00,66.3
09/03/06 13:00,67.6
09/03/06 14:00,63.2
09/03/06 15:00,60.7
09/03/06 16:00,46.0
09/03/06 17:00,29.7
09/03/06 18:00,0.0
09/03/06 19:00,0.0
09/03/06 20:00,0.0
09/03/06 21:00,0.0
09/03/06 22:00,0.0
09/03/06 23:00,0.0
09/04/06 00:00,0.0
09/04/06 01:00,0.0
09/04/06 02:00,0.0
09/04/06 03:00,0.0
09/04/06 04:00,0.0
09/04/06 05:00,0.0
09/04/06 06:00,0.0
09/04/06 07:00,17.3
09/04/06 08:00,64.6
09/04/06 09:00,19.4
09/04/06 10:00,19.1
09/04/06 11:00,18.1
09/04/06 12:00,17.5
09/04/06 13:00,13.5
09/04/06 14:00,5.0
09/04/06 15:00,1.7
09/04/06 16:00,6.6
09/04/06 17:00,0.0
09/04/06 18:00,0.0
09/04/06 19:00,0.0
09/04/06 20:00,0.0
09/04/06 21:00,0.0
09/04/06 22:00,0.0
09/04/06 23:00,0.0
09/05/06 00:00,0.0
09/05/06 01:00,0.0
09/05/06 02:00,0.0
09/05/06 03:00,0.0
09/05/06 04:00,0.0
09/05/06 05:00,0.0
09/05/06 06:00,0.0
09/05/06 07:00,1.5
09/05/06 08:00,9.7
09/05/06 09:00,2.4
09/05/06 10:00,52.0
09/05/06 11:00,58.0
09/05/06 12:00,30.4
09/05/06 13:00,44.3
09/05/06 14:00,7.5
09/05/06 15:00,1.7
09/05/06 16:00,0.5
09/05/06 17:00,0.9
09/05/06 18:00,0.0
09/05/06 19:00,0.0
09/05/06 20:00,0.0
09/05/06 21:00,0.0
09/05/06 22:00,0.0
09/05/06 23:00,0.0
09/06/06 00:00,0.0
09/06/06 01:00,0.0
09/06/06 02:00,0.0
09/06/06 03:00,0.0
09/06/06 04:00,0.0
09/06/06 05:00,0.0
09/06/06 06:00,0.0
09/06/06 07:00,0.0
09/06/06 08:00,41.3
09/06/06 09:00,69.6
09/06/06 10:00,72.4
09/06/06 11:00,64.8
09/06/06 12:00,49.5
09/06/06 13:00,62.1
09/06/06 14:00,59.5
09/06/06 15:00,52.2
09/06/06 16:00,1.0
09/06/06 17:00,28.0
09/06/06 18:00,0.0
09/06/06 19:00,0.0
09/06/06 20:00,0.0
09/06/06 21:00,0.0
09/06/06 22:00,0.0
09/06/06 23:00,0.0
09/07/06 00:00,0.0
09/07/06 01:00,0.0
09/07/06 02:00,0.0
09/07/06 03:00,0.0
09/07/06 04:00,0.0
09/07/06 05:00,0.0
09/07/06 06:00,0.0
09/07/06 07:00,53.8
09/07/06 08:00,65.6
09/07/06 09:00,55.8
09/07/06 10:00,55.5
09/07/06 11:00,63.8
09/07/06 12:00,61.0
09/07/06 13:00,66.0
09/07/06 14:00,63.9
09/07/06 15:00,56.7
09/07/06 16:00,44.5
09/07/06 17:00,29.3
09/07/06 18:00,0.0
09/07/06 19:00,0.0
09/07/06 20:00,0.0
09/07/06 21:00,0.0
09/07/06 22:00,0.0
09/07/06 23:00,0.0
09/08/06 00:00,0.0
09/08/06 01:00,0.0
09/08/06 02:00,0.0
09/08/06 03:00,0.0
09/08/06 04:00,0.0
09/08/06 05:00,0.0
09/08/06 06:00,0.0
09/08/06 07:00,46.0
09/08/06 08:00,50.6
09/08/06 09:00,67.9
09/08/06 10:00,65.6
09/08/06 11:00,64.3
09/08/06 12:00,65.2
09/08/06 13:00,65.6
09/08/06 14:00,55.2
09/08/06 15:00,53.7
09/08/06 16:00,27.4
09/08/06 17:00,28.7
09/08/06 18:00,0.0
09/08/06 19:00,0.0
09/08/06 20:00,0.0
09/08/06 21:00,0.0
09/08/06 22:00,0.0
09/08/06 23:00,0.0
09/09/06 00:00,0.0
09/09/06 01:00,0.0
09/09/06 02:00,0.0
09/09/06 03:00,0.0
09/09/06 04:00,0.0
09/09/06 05:00,0.0
09/09/06 06:00,0.0
09/09/06 07:00,55.7
09/09/06 08:00,64.7
09/09/06 09:00,64.3
09/09/06 10:00,66.2
09/09/06 11:00,66.5
09/09/06 12:00,63.1
09/09/06 13:00,63.6
09/09/06 14:00,60.1
09/09/06 15:00,57.9
09/09/06 16:00,45.2
09/09/06 17:00,20.7
09/09/06 18:00,0.0
09/09/06 19:00,0.0
09/09/06 20:00,0.0
09/09/06 21:00,0.0
09/09/06 22:00,0.0
09/09/06 23:00,0.0
09/10/06 00:00,0.0
09/10/06 01:00,0.0
09/10/06 02:00,0.0
09/10/06 03:00,0.0
09/10/06 04:00,0.0
09/10/06 05:00,0.0
09/10/06 06:00,0.0
09/10/06 07:00,53.9
09/10/06 08:00,66.9
09/10/06 09:00,65.9
09/10/06 10:00,64.2
09/10/06 11:00,65.9
09/10/06 12:00,64.3
09/10/06 13:00,63.4
09/10/06 14:00,65.1
09/10/06 15:00,58.5
09/10/06 16:00,36.6
09/10/06 17:00,26.8
09/10/06 18:00,0.0
09/10/06 19:00,0.0
09/10/06 20:00,0.0
09/10/06 21:00,0.0
09/10/06 22:00,0.0
09/10/06 23:00,0.0
09/11/06 00:00,0.0
09/11/06 01:00,0.0
09/11/06 02:00,0.0
09/11/06 03:00,0.0
09/11/06 04:00,0.0
09/11/06 05:00,0.0
09/11/06 06:00,0.0
09/11/06 07:00,56.9
09/11/06 08:00,60.6
09/11/06 09:00,15.1
09/11/06 10:00,15.6
09/11/06 11:00,18.7
09/11/06 12:00,13.4
09/11/06 13:00,9.8
09/11/06 14:00,4.3
09/11/06 15:00,1.9
09/11/06 16:00,1.1
09/11/06 17:00,0.0
09/11/06 18:00,0.0
09/11/06 19:00,0.0
09/11/06 20:00,0.0
09/11/06 21:00,0.0
09/11/06 22:00,0.0
09/11/06 23:00,0.0
09/12/06 00:00,0.0
09/12/06 01:00,0.0
09/12/06 02:00,0.0
09/12/06 03:00,0.0
09/12/06 04:00,0.0
09/12/06 05:00,0.0
09/12/06 06:00,0.0
09/12/06 07:00,0.5
09/12/06 08:00,3.7
09/12/06 09:00,55.9
09/12/06 10:00,17.8
09/12/06 11:00,15.2
09/12/06 12:00,16.0
09/12/06 13:00,15.7
09/12/06 14:00,21.3
09/12/06 15:00,12.9
09/12/06 16:00,13.5
09/12/06 17:00,2.9
09/12/06 18:00,0.0
09/12/06 19:00,0.0
09/12/06 20:00,0.0
09/12/06 21:00,0.0
09/12/06 22:00,0.0
09/12/06 23:00,0.0
09/13/06 00:00,0.0
09/13/06 01:00,0.0
09/13/06 02:00,0.0
09/13/06 03:00,0.0
09/13/06 04:00,0.0
09/13/06 05:00,0.0
09/13/06 06:00,0.0
09/13/06 07:00,42.9
09/13/06 08:00,5.8
09/13/06 09:00,22.6
09/13/06 10:00,11.1
09/13/06 11:00,27.0
09/13/06 12:00,12.0
09/13/06 13:00,18.4
09/13/06 14:00,4.1
09/13/06 15:00,1.3
09/13/06 16:00,0.7
09/13/06 17:00,0.0
09/13/06 18:00,0.0
09/13/06 19:00,0.0
09/13/06 20:00,0.0
09/13/06 21:00,0.0
09/13/06 22:00,0.0
09/13/06 23:00,0.0
09/14/06 00:00,0.0
09/14/06 01:00,0.0
09/14/06 02:00,0.0
09/14/06 03:00,0.0
09/14/06 04:00,0.0
09/14/06 05:00,0.0
09/14/06 06:00,0.0
09/14/06 07:00,6.7
09/14/06 08:00,0.8
09/14/06 09:00,10.6
09/14/06 10:00,7.3
09/14/06 11:00,13.3
09/14/06 12:00,35.3
09/14/06 13:00,44.6
09/14/06 14:00,48.4
09/14/06 15:00,33.8
09/14/06 16:00,18.2
09/14/06 17:00,6.8
09/14/06 18:00,0.0
09/14/06 19:00,0.0
09/14/06 20:00,0.0
09/14/06 21:00,0.0
09/14/06 22:00,0.0
09/14/06 23:00,0.0
09/15/06 00:00,0.0
09/15/06 01:00,0.0
09/15/06 02:00,0.0
09/15/06 03:00,0.0
09/15/06 04:00,0.0
09/15/06 05:00,0.0
09/15/06 06:00,0.0
09/15/06 07:00,0.1
09/15/06 08:00,0.4
09/15/06 09:00,61.4
09/15/06 10:00,65.6
09/15/06 11:00,66.1
09/15/06 12:00,65.0
09/15/06 13:00,64.6
09/15/06 14:00,15.5
09/15/06 15:00,33.5
09/15/06 16:00,14.5
09/15/06 17:00,0.0
09/15/06 18:00,0.0
09/15/06 19:00,0.0
09/15/06 20:00,0.0
09/15/06 21:00,0.0
09/15/06 22:00,0.0
09/15/06 23:00,0.0
09/16/06 00:00,0.0
09/16/06 01:00,0.0
09/16/06 02:00,0.0
09/16/06 03:00,0.0
09/16/06 04:00,0.0
09/16/06 05:00,0.0
09/16/06 06:00,0.0
09/16/06 07:00,53.4
09/16/06 08:00,61.1
09/16/06 09:00,16.0
09/16/06 10:00,26.9
09/16/06 11:00,21.6
09/16/06 12:00,23.4
09/16/06 13:00,21.7
09/16/06 14:00,49.3
09/16/06 15:00,42.9
09/16/06 16:00,0.2
09/16/06 17:00,1.1
09/16/06 18:00,0.0
09/16/06 19:00,0.0
09/16/06 20:00,0.0
09/16/06 21:00,0.0
09/16/06 22:00,0.0
09/16/06 23:00,0.0
09/17/06 00:00,0.0
09/17/06 01:00,0.0
09/17/06 02:00,0.0
09/17/06 03:00,0.0
09/17/06 04:00,0.0
09/17/06 05:00,0.0
09/17/06 06:00,0.0
09/17/06 07:00,1.0
09/17/06 08:00,17.1
09/17/06 09:00,64.8
09/17/06 10:00,66.0
09/17/06 11:00,62.2
09/17/06 12:00,60.6
09/17/06 13:00,63.4
09/17/06 14:00,60.7
09/17/06 15:00,56.5
09/17/06 16:00,45.7
09/17/06 17:00,26.5
09/17/06 18:00,0.0
09/17/06 19:00,0.0
09/17/06 20:00,0.0
09/17/06 21:00,0.0
09/17/06 22:00,0.0
09/17/06 23:00,0.0
09/18/06 00:00,0.0
09/18/06 01:00,0.0
09/18/06 02:00,0.0
09/18/06 03:00,0.0
09/18/06 04:00,0.0
09/18/06 05:00,0.0
09/18/06 06:00,0.0
09/18/06 07:00,55.4
09/18/06 08:00,66.7
09/18/06 09:00,67.4
09/18/06 10:00,64.6
09/18/06 11:00,61.3
09/18/06 12:00,62.7
09/18/06 13:00,63.8
09/18/06 14:00,64.8
09/18/06 15:00,59.0
09/18/06 16:00,44.7
09/18/06 17:00,24.2
09/18/06 18:00,0.0
09/18/06 19:00,0.0
09/18/06 20:00,0.0
09/18/06 21:00,0.0
09/18/06 22:00,0.0
09/18/06 23:00,0.0
09/19/06 00:00,0.0
09/19/06 01:00,0.0
09/19/06 02:00,0.0
09/19/06 03:00,0.0
09/19/06 04:00,0.0
09/19/06 05:00,0.0
09/19/06 06:00,0.0
09/19/06 07:00,56.4
09/19/06 08:00,67.4
09/19/06 09:00,45.1
09/19/06 10:00,25.2
09/19/06 11:00,41.8
09/19/06 12:00,22.4
09/19/06 13:00,20.5
09/19/06 14:00,2.9
09/19/06 15:00,0.9
09/19/06 16:00,35.7
09/19/06 17:00,0.1
09/19/06 18:00,0.0
09/19/06 19:00,0.0
09/19/06 20:00,0.0
09/19/06 21:00,0.0
09/19/06 22:00,0.0
09/19/06 23:00,0.0
09/20/06 00:00,0.0
09/20/06 01:00,0.0
09/20/06 02:00,0.0
09/20/06 03:00,0.0
09/20/06 04:00,0.0
09/20/06 05:00,0.0
09/20/06 06:00,0.0
09/20/06 07:00,32.1
09/20/06 08:00,19.3
09/20/06 09:00,69.4
09/20/06 10:00,70.6
09/20/06 11:00,66.9
09/20/06 12:00,64.1
09/20/06 13:00,65.0
09/20/06 14:00,63.1
09/20/06 15:00,31.1
09/20/06 16:00,1.0
09/20/06 17:00,0.7
09/20/06 18:00,0.0
09/20/06 19:00,0.0
09/20/06 20:00,0.0
09/20/06 21:00,0.0
09/20/06 22:00,0.0
09/20/06 23:00,0.0
09/21/06 00:00,0.0
09/21/06 01:00,0.0
09/21/06 02:00,0.0
09/21/06 03:00,0.0
09/21/06 04:00,0.0
09/21/06 05:00,0.0
09/21/06 06:00,0.0
09/21/06 07:00,45.3
09/21/06 08:00,69.3
09/21/06 09:00,69.4
09/21/06 10:00,66.4
09/21/06 11:00,63.2
09/21/06 12:00,64.1
09/21/06 13:00,44.9
09/21/06 14:00,31.6
09/21/06 15:00,48.8
09/21/06 16:00,45.2
09/21/06 17:00,25.1
09/21/06 18:00,0.0
09/21/06 19:00,0.0
09/21/06 20:00,0.0
09/21/06 21:00,0.0
09/21/06 22:00,0.0
09/21/06 23:00,0.0
09/22/06 00:00,0.0
09/22/06 01:00,0.0
09/22/06 02:00,0.0
09/22/06 03:00,0.0
09/22/06 04:00,0.0
09/22/06 05:00,0.0
09/22/06 06:00,0.0
09/22/06 07:00,44.0
09/22/06 08:00,62.8
09/22/06 09:00,13.0
09/22/06 10:00,16.6
09/22/06 11:00,27.6
09/22/06 12:00,36.7
09/22/06 13:00,20.0
09/22/06 14:00,57.7
09/22/06 15:00,10.8
09/22/06 16:00,1.6
09/22/06 17:00,1.6
09/22/06 18:00,0.0
09/22/06 19:00,0.0
09/22/06 20:00,0.0
09/22/06 21:00,0.0
09/22/06 22:00,0.0
09/22/06 23:00,0.0
09/23/06 00:00,0.0
09/23/06 01:00,0.0
09/23/06 02:00,0.0
09/23/06 03:00,0.0
09/23/06 04:00,0.0
09/23/06 05:00,0.0
09/23/06 06:00,0.0
09/23/06 07:00,0.1
09/23/06 08:00,3.5
09/23/06 09:00,31.3
09/23/06 10:00,52.1
09/23/06 11:00,38.7
09/23/06 12:00,32.3
09/23/06 13:00,41.2
09/23/06 14:00,10.3
09/23/06 15:00,5.5
09/23/06 16:00,1.1
09/23/06 17:00,1.5
09/23/06 18:00,0.0
09/23/06 19:00,0.0
09/23/06 20:00,0.0
09/23/06 21:00,0.0
09/23/06 22:00,0.0
09/23/06 23:00,0.0
09/24/06 00:00,0.0
09/24/06 01:00,0.0
09/24/06 02:00,0.0
09/24/06 03:00,0.0
09/24/06 04:00,0.0
09/24/06 05:00,0.0
09/24/06 06:00,0.0
09/24/06 07:00,16.5
09/24/06 08:00,45.7
09/24/06 09:00,12.1
09/24/06 10:00,20.7
09/24/06 11:00,48.2
09/24/06 12:00,42.4
09/24/06 13:00,52.1
09/24/06 14:00,15.5
09/24/06 15:00,15.5
09/24/06 16:00,0.1
09/24/06 17:00,0.0
09/24/06 18:00,0.0
09/24/06 19:00,0.0
09/24/06 20:00,0.0
09/24/06 21:00,0.0
09/24/06 22:00,0.0
09/24/06 23:00,0.0
09/25/06 00:00,0.0
09/25/06 01:00,0.0
09/25/06 02:00,0.0
09/25/06 03:00,0.0
09/25/06 04:00,0.0
09/25/06 05:00,0.0
09/25/06 06:00,0.0
09/25/06 07:00,0.1
09/25/06 08:00,9.9
09/25/06 09:00,16.6
09/25/06 10:00,29.2
09/25/06 11:00,61.4
09/25/06 12:00,56.9
09/25/06 13:00,58.3
09/25/06 14:00,63.9
09/25/06 15:00,53.0
09/25/06 16:00,33.0
09/25/06 17:00,22.7
09/25/06 18:00,0.0
09/25/06 19:00,0.0
09/25/06 20:00,0.0
09/25/06 21:00,0.0
09/25/06 22:00,0.0
09/25/06 23:00,0.0
09/26/06 00:00,0.0
09/26/06 01:00,0.0
09/26/06 02:00,0.0
09/26/06 03:00,0.0
09/26/06 04:00,0.0
09/26/06 05:00,0.0
09/26/06 06:00,0.0
09/26/06 07:00,1.3
09/26/06 08:00,18.7
09/26/06 09:00,67.0
09/26/06 10:00,67.5
09/26/06 11:00,63.5
09/26/06 12:00,60.2
09/26/06 13:00,62.9
09/26/06 14:00,59.1
09/26/06 15:00,55.5
09/26/06 16:00,40.2
09/26/06 17:00,22.8
09/26/06 18:00,0.0
09/26/06 19:00,0.0
09/26/06 20:00,0.0
09/26/06 21:00,0.0
09/26/06 22:00,0.0
09/26/06 23:00,0.0
09/27/06 00:00,0.0
09/27/06 01:00,0.0
09/27/06 02:00,0.0
09/27/06 03:00,0.0
09/27/06 04:00,0.0
09/27/06 05:00,0.0
09/27/06 06:00,0.0
09/27/06 07:00,38.5
09/27/06 08:00,65.6
09/27/06 09:00,70.6
09/27/06 10:00,64.9
09/27/06 11:00,64.0
09/27/06 12:00,61.1
09/27/06 13:00,60.5
09/27/06 14:00,59.7
09/27/06 15:00,46.5
09/27/06 16:00,38.4
09/27/06 17:00,19.2
09/27/06 18:00,0.0
09/27/06 19:00,0.0
09/27/06 20:00,0.0
09/27/06 21:00,0.0
09/27/06 22:00,0.0
09/27/06 23:00,0.0
09/28/06 00:00,0.0
09/28/06 01:00,0.0
09/28/06 02:00,0.0
09/28/06 03:00,0.0
09/28/06 04:00,0.0
09/28/06 05:00,0.0
09/28/06 06:00,0.0
09/28/06 07:00,38.1
09/28/06 08:00,68.9
09/28/06 09:00,70.2
09/28/06 10:00,66.2
09/28/06 11:00,62.5
09/28/06 12:00,61.4
09/28/06 13:00,61.2
09/28/06 14:00,19.5
09/28/06 15:00,1.6
09/28/06 16:00,0.5
09/28/06 17:00,0.0
09/28/06 18:00,0.0
09/28/06 19:00,0.0
09/28/06 20:00,0.0
09/28/06 21:00,0.0
09/28/06 22:00,0.0
09/28/06 23:00,0.0
09/29/06 00:00,0.0
09/29/06 01:00,0.0
09/29/06 02:00,0.0
09/29/06 03:00,0.0
09/29/06 04:00,0.0
09/29/06 05:00,0.0
09/29/06 06:00,0.0
09/29/06 07:00,37.5
09/29/06 08:00,68.3
09/29/06 09:00,67.2
09/29/06 10:00,67.4
09/29/06 11:00,61.3
09/29/06 12:00,54.4
09/29/06 13:00,6.1
09/29/06 14:00,53.7
09/29/06 15:00,48.4
09/29/06 16:00,39.4
09/29/06 17:00,1.0
09/29/06 18:00,0.0
09/29/06 19:00,0.0
09/29/06 20:00,0.0
09/29/06 21:00,0.0
09/29/06 22:00,0.0
09/29/06 23:00,0.0
09/30/06 00:00,0.0
09/30/06 01:00,0.0
09/30/06 02:00,0.0
09/30/06 03:00,0.0
09/30/06 04:00,0.0
09/30/06 05:00,0.0
09/30/06 06:00,0.0
09/30/06 07:00,0.0
09/30/06 08:00,57.9
09/30/06 09:00,65.6
09/30/06 10:00,20.1
09/30/06 11:00,32.8
09/30/06 12:00,14.8
09/30/06 13:00,51.8
09/30/06 14:00,49.2
09/30/06 15:00,59.0
09/30/06 16:00,30.9
09/30/06 17:00,18.3
09/30/06 18:00,0.0
09/30/06 19:00,0.0
09/30/06 20:00,0.0
09/30/06 21:00,0.0
09/30/06 22:00,0.0
09/30/06 23:00,0.0
10/01/06 00:00,0.0
10/01/06 01:00,0.0
10/01/06 02:00,0.0
10/01/06 03:00,0.0
10/01/06 04:00,0.0
10/01/06 05:00,0.0
10/01/06 06:00,0.0
10/01/06 07:00,0.1
10/01/06 08:00,6.5
10/01/06 09:00,25.5
10/01/06 10:00,62.4
10/01/06 11:00,61.1
10/01/06 12:00,63.2
10/01/06 13:00,63.9
10/01/06 14:00,49.0
10/01/06 15:00,55.2
10/01/06 16:00,1.1
10/01/06 17:00,21.0
10/01/06 18:00,0.0
10/01/06 19:00,0.0
10/01/06 20:00,0.0
10/01/06 21:00,0.0
10/01/06 22:00,0.0
10/01/06 23:00,0.0
10/02/06 00:00,0.0
10/02/06 01:00,0.0
10/02/06 02:00,0.0
10/02/06 03:00,0.0
10/02/06 04:00,0.0
10/02/06 05:00,0.0
10/02/06 06:00,0.0
10/02/06 07:00,37.0
10/02/06 08:00,67.8
10/02/06 09:00,66.1
10/02/06 10:00,63.0
10/02/06 11:00,64.2
10/02/06 12:00,62.6
10/02/06 13:00,63.7
10/02/06 14:00,65.8
10/02/06 15:00,60.0
10/02/06 16:00,41.6
10/02/06 17:00,18.1
10/02/06 18:00,0.0
10/02/06 19:00,0.0
10/02/06 20:00,0.0
10/02/06 21:00,0.0
10/02/06 22:00,0.0
10/02/06 23:00,0.0
10/03/06 00:00,0.0
10/03/06 01:00,0.0
10/03/06 02:00,0.0
10/03/06 03:00,0.0
10/03/06 04:00,0.0
10/03/06 05:00,0.0
10/03/06 06:00,0.0
10/03/06 07:00,35.6
10/03/06 08:00,66.1
10/03/06 09:00,71.9
10/03/06 10:00,64.2
10/03/06 11:00,59.1
10/03/06 12:00,61.5
10/03/06 13:00,62.9
10/03/06 14:00,62.0
10/03/06 15:00,52.9
10/03/06 16:00,39.3
10/03/06 17:00,17.5
10/03/06 18:00,0.0
10/03/06 19:00,0.0
10/03/06 20:00,0.0
10/03/06 21:00,0.0
10/03/06 22:00,0.0
10/03/06 23:00,0.0
10/04/06 00:00,0.0
10/04/06 01:00,0.0
10/04/06 02:00,0.0
10/04/06 03:00,0.0
10/04/06 04:00,0.0
10/04/06 05:00,0.0
10/04/06 06:00,0.0
10/04/06 07:00,0.0
10/04/06 08:00,0.0
10/04/06 09:00,65.8
10/04/06 10:00,63.3
10/04/06 11:00,58.3
10/04/06 12:00,60.5
10/04/06 13:00,62.1
10/04/06 14:00,63.5
10/04/06 15:00,53.9
10/04/06 16:00,36.7
10/04/06 17:00,17.9
10/04/06 18:00,0.0
10/04/06 19:00,0.0
10/04/06 20:00,0.0
10/04/06 21:00,0.0
10/04/06 22:00,0.0
10/04/06 23:00,0.0
10/05/06 00:00,0.0
10/05/06 01:00,0.0
10/05/06 02:00,0.0
10/05/06 03:00,0.0
10/05/06 04:00,0.0
10/05/06 05:00,0.0
10/05/06 06:00,0.0
10/05/06 07:00,33.5
10/05/06 08:00,61.0
10/05/06 09:00,68.6
10/05/06 10:00,64.9
10/05/06 11:00,40.7
10/05/06 12:00,21.6
10/05/06 13:00,13.3
10/05/06 14:00,19.5
10/05/06 15:00,22.9
10/05/06 16:00,0.1
10/05/06 17:00,0.0
10/05/06 18:00,0.0
10/05/06 19:00,0.0
10/05/06 20:00,0.0
10/05/06 21:00,0.0
10/05/06 22:00,0.0
10/05/06 23:00,0.0
10/06/06 00:00,0.0
10/06/06 01:00,0.0
10/06/06 02:00,0.0
10/06/06 03:00,0.0
10/06/06 04:00,0.0
10/06/06 05:00,0.0
10/06/06 06:00,0.0
10/06/06 07:00,30.2
10/06/06 08:00,63.4
10/06/06 09:00,39.9
10/06/06 10:00,6.3
10/06/06 11:00,9.8
10/06/06 12:00,10.2
10/06/06 13:00,6.8
10/06/06 14:00,2.3
10/06/06 15:00,10.8
10/06/06 16:00,0.0
10/06/06 17:00,0.0
10/06/06 18:00,0.0
10/06/06 19:00,0.0
10/06/06 20:00,0.0
10/06/06 21:00,0.0
10/06/06 22:00,0.0
10/06/06 23:00,0.0
10/07/06 00:00,0.0
10/07/06 01:00,0.0
10/07/06 02:00,0.0
10/07/06 03:00,0.0
10/07/06 04:00,0.0
10/07/06 05:00,0.0
10/07/06 06:00,0.0
10/07/06 07:00,33.0
10/07/06 08:00,0.2
10/07/06 09:00,1.2
10/07/06 10:00,11.3
10/07/06 11:00,9.6
10/07/06 12:00,12.0
10/07/06 13:00,12.6
10/07/06 14:00,2.2
10/07/06 15:00,8.0
10/07/06 16:00,0.1
10/07/06 17:00,0.0
10/07/06 18:00,0.0
10/07/06 19:00,0.0
10/07/06 20:00,0.0
10/07/06 21:00,0.0
10/07/06 22:00,0.0
10/07/06 23:00,0.0
10/08/06 00:00,0.0
10/08/06 01:00,0.0
10/08/06 02:00,0.0
10/08/06 03:00,0.0
10/08/06 04:00,0.0
10/08/06 05:00,0.0
10/08/06 06:00,0.0
10/08/06 07:00,12.5
10/08/06 08:00,0.5
10/08/06 09:00,1.1
10/08/06 10:00,36.8
10/08/06 11:00,15.4
10/08/06 12:00,18.4
10/08/06 13:00,45.4
10/08/06 14:00,47.6
10/08/06 15:00,54.4
10/08/06 16:00,36.5
10/08/06 17:00,10.0
10/08/06 18:00,0.0
10/08/06 19:00,0.0
10/08/06 20:00,0.0
10/08/06 21:00,0.0
10/08/06 22:00,0.0
10/08/06 23:00,0.0
10/09/06 00:00,0.0
10/09/06 01:00,0.0
10/09/06 02:00,0.0
10/09/06 03:00,0.0
10/09/06 04:00,0.0
10/09/06 05:00,0.0
10/09/06 06:00,0.0
10/09/06 07:00,13.1
10/09/06 08:00,30.7
10/09/06 09:00,6.9
10/09/06 10:00,61.0
10/09/06 11:00,58.7
10/09/06 12:00,57.2
10/09/06 13:00,58.5
10/09/06 14:00,61.5
10/09/06 15:00,55.8
10/09/06 16:00,36.7
10/09/06 17:00,0.9
10/09/06 18:00,0.0
10/09/06 19:00,0.0
10/09/06 20:00,0.0
10/09/06 21:00,0.0
10/09/06 22:00,0.0
10/09/06 23:00,0.0
10/10/06 00:00,0.0
10/10/06 01:00,0.0
10/10/06 02:00,0.0
10/10/06 03:00,0.0
10/10/06 04:00,0.0
10/10/06 05:00,0.0
10/10/06 06:00,0.0
10/10/06 07:00,32.8
10/10/06 08:00,64.7
10/10/06 09:00,65.7
10/10/06 10:00,62.7
10/10/06 11:00,56.3
10/10/06 12:00,55.6
10/10/06 13:00,59.3
10/10/06 14:00,60.6
10/10/06 15:00,52.4
10/10/06 16:00,35.1
10/10/06 17:00,0.1
10/10/06 18:00,0.0
10/10/06 19:00,0.0
10/10/06 20:00,0.0
10/10/06 21:00,0.0
10/10/06 22:00,0.0
10/10/06 23:00,0.0
10/11/06 00:00,0.0
10/11/06 01:00,0.0
10/11/06 02:00,0.0
10/11/06 03:00,0.0
10/11/06 04:00,0.0
10/11/06 05:00,0.0
10/11/06 06:00,0.0
10/11/06 07:00,32.1
10/11/06 08:00,60.4
10/11/06 09:00,61.4
10/11/06 10:00,16.5
10/11/06 11:00,20.2
10/11/06 12:00,18.6
10/11/06 13:00,20.5
10/11/06 14:00,12.3
10/11/06 15:00,11.2
10/11/06 16:00,0.2
10/11/06 17:00,0.0
10/11/06 18:00,0.0
10/11/06 19:00,0.0
10/11/06 20:00,0.0
10/11/06 21:00,0.0
10/11/06 22:00,0.0
10/11/06 23:00,0.0
10/12/06 00:00,0.0
10/12/06 01:00,0.0
10/12/06 02:00,0.0
10/12/06 03:00,0.0
10/12/06 04:00,0.0
10/12/06 05:00,0.0
10/12/06 06:00,0.0
10/12/06 07:00,11.7
10/12/06 08:00,4.4
10/12/06 09:00,12.9
10/12/06 10:00,63.8
10/12/06 11:00,61.3
10/12/06 12:00,55.8
10/12/06 13:00,62.4
10/12/06 14:00,63.9
10/12/06 15:00,57.8
10/12/06 16:00,36.5
10/12/06 17:00,0.0
10/12/06 18:00,0.0
10/12/06 19:00,0.0
10/12/06 20:00,0.0
10/12/06 21:00,0.0
10/12/06 22:00,0.0
10/12/06 23:00,0.0
10/13/06 00:00,0.0
10/13/06 01:00,0.0
10/13/06 02:00,0.0
10/13/06 03:00,0.0
10/13/06 04:00,0.0
10/13/06 05:00,0.0
10/13/06 06:00,0.0
10/13/06 07:00,33.0
10/13/06 08:00,68.6
10/13/06 09:00,72.3
10/13/06 10:00,66.7
10/13/06 11:00,62.9
10/13/06 12:00,62.2
10/13/06 13:00,64.7
10/13/06 14:00,63.8
10/13/06 15:00,54.5
10/13/06 16:00,36.3
10/13/06 17:00,0.0
10/13/06 18:00,0.0
10/13/06 19:00,0.0
10/13/06 20:00,0.0
10/13/06 21:00,0.0
10/13/06 22:00,0.0
10/13/06 23:00,0.0
10/14/06 00:00,0.0
10/14/06 01:00,0.0
10/14/06 02:00,0.0
10/14/06 03:00,0.0
10/14/06 04:00,0.0
10/14/06 05:00,0.0
10/14/06 06:00,0.0
10/14/06 07:00,32.6
10/14/06 08:00,67.0
10/14/06 09:00,70.7
10/14/06 10:00,65.9
10/14/06 11:00,63.4
10/14/06 12:00,62.1
10/14/06 13:00,63.7
10/14/06 14:00,66.9
10/14/06 15:00,58.9
10/14/06 16:00,36.0
10/14/06 17:00,0.0
10/14/06 18:00,0.0
10/14/06 19:00,0.0
10/14/06 20:00,0.0
10/14/06 21:00,0.0
10/14/06 22:00,0.0
10/14/06 23:00,0.0
10/15/06 00:00,0.0
10/15/06 01:00,0.0
10/15/06 02:00,0.0
10/15/06 03:00,0.0
10/15/06 04:00,0.0
10/15/06 05:00,0.0
10/15/06 06:00,0.0
10/15/06 07:00,32.5
10/15/06 08:00,64.0
10/15/06 09:00,71.7
10/15/06 10:00,67.5
10/15/06 11:00,62.9
10/15/06 12:00,60.1
10/15/06 13:00,59.6
10/15/06 14:00,62.3
10/15/06 15:00,55.2
10/15/06 16:00,32.6
10/15/06 17:00,0.0
10/15/06 18:00,0.0
10/15/06 19:00,0.0
10/15/06 20:00,0.0
10/15/06 21:00,0.0
10/15/06 22:00,0.0
10/15/06 23:00,0.0
10/16/06 00:00,0.0
10/16/06 01:00,0.0
10/16/06 02:00,0.0
10/16/06 03:00,0.0
10/16/06 04:00,0.0
10/16/06 05:00,0.0
10/16/06 06:00,0.0
10/16/06 07:00,31.5
10/16/06 08:00,63.3
10/16/06 09:00,66.6
10/16/06 10:00,60.9
10/16/06 11:00,55.4
10/16/06 12:00,57.1
10/16/06 13:00,59.4
10/16/06 14:00,54.8
10/16/06 15:00,49.9
10/16/06 16:00,15.8
10/16/06 17:00,0.0
10/16/06 18:00,0.0
10/16/06 19:00,0.0
10/16/06 20:00,0.0
10/16/06 21:00,0.0
10/16/06 22:00,0.0
10/16/06 23:00,0.0
10/17/06 00:00,0.0
10/17/06 01:00,0.0
10/17/06 02:00,0.0
10/17/06 03:00,0.0
10/17/06 04:00,0.0
10/17/06 05:00,0.0
10/17/06 06:00,0.0
10/17/06 07:00,30.0
10/17/06 08:00,59.5
10/17/06 09:00,59.5
10/17/06 10:00,4.2
10/17/06 11:00,13.5
10/17/06 12:00,7.6
10/17/06 13:00,4.3
10/17/06 14:00,1.5
10/17/06 15:00,0.3
10/17/06 16:00,0.0
10/17/06 17:00,0.0
10/17/06 18:00,0.0
10/17/06 19:00,0.0
10/17/06 20:00,0.0
10/17/06 21:00,0.0
10/17/06 22:00,0.0
10/17/06 23:00,0.0
10/18/06 00:00,0.0
10/18/06 01:00,0.0
10/18/06 02:00,0.0
10/18/06 03:00,0.0
10/18/06 04:00,0.0
10/18/06 05:00,0.0
10/18/06 06:00,0.0
10/18/06 07:00,0.0
10/18/06 08:00,0.1
10/18/06 09:00,3.6
10/18/06 10:00,51.5
10/18/06 11:00,53.0
10/18/06 12:00,54.5
10/18/06 13:00,56.5
10/18/06 14:00,55.3
10/18/06 15:00,42.2
10/18/06 16:00,30.8
10/18/06 17:00,0.0
10/18/06 18:00,0.0
10/18/06 19:00,0.0
10/18/06 20:00,0.0
10/18/06 21:00,0.0
10/18/06 22:00,0.0
10/18/06 23:00,0.0
10/19/06 00:00,0.0
10/19/06 01:00,0.0
10/19/06 02:00,0.0
10/19/06 03:00,0.0
10/19/06 04:00,0.0
10/19/06 05:00,0.0
10/19/06 06:00,0.0
10/19/06 07:00,28.7
10/19/06 08:00,53.7
10/19/06 09:00,58.2
10/19/06 10:00,34.4
10/19/06 11:00,37.6
10/19/06 12:00,10.1
10/19/06 13:00,26.7
10/19/06 14:00,18.0
10/19/06 15:00,11.1
10/19/06 16:00,1.5
10/19/06 17:00,0.0
10/19/06 18:00,0.0
10/19/06 19:00,0.0
10/19/06 20:00,0.0
10/19/06 21:00,0.0
10/19/06 22:00,0.0
10/19/06 23:00,0.0
10/20/06 00:00,0.0
10/20/06 01:00,0.0
10/20/06 02:00,0.0
10/20/06 03:00,0.0
10/20/06 04:00,0.0
10/20/06 05:00,0.0
10/20/06 06:00,0.0
10/20/06 07:00,28.2
10/20/06 08:00,26.4
10/20/06 09:00,37.4
10/20/06 10:00,60.6
10/20/06 11:00,50.9
10/20/06 12:00,51.6
10/20/06 13:00,7.0
10/20/06 14:00,21.0
10/20/06 15:00,50.2
10/20/06 16:00,32.1
10/20/06 17:00,0.0
10/20/06 18:00,0.0
10/20/06 19:00,0.0
10/20/06 20:00,0.0
10/20/06 21:00,0.0
10/20/06 22:00,0.0
10/20/06 23:00,0.0
10/21/06 00:00,0.0
10/21/06 01:00,0.0
10/21/06 02:00,0.0
10/21/06 03:00,0.0
10/21/06 04:00,0.0
10/21/06 05:00,0.0
10/21/06 06:00,0.0
10/21/06 07:00,28.7
10/21/06 08:00,61.5
10/21/06 09:00,57.2
10/21/06 10:00,59.9
10/21/06 11:00,55.3
10/21/06 12:00,56.9
10/21/06 13:00,59.4
10/21/06 14:00,60.0
10/21/06 15:00,52.6
10/21/06 16:00,30.9
10/21/06 17:00,0.0
10/21/06 18:00,0.0
10/21/06 19:00,0.0
10/21/06 20:00,0.0
10/21/06 21:00,0.0
10/21/06 22:00,0.0
10/21/06 23:00,0.0
10/22/06 00:00,0.0
10/22/06 01:00,0.0
10/22/06 02:00,0.0
10/22/06 03:00,0.0
10/22/06 04:00,0.0
10/22/06 05:00,0.0
10/22/06 06:00,0.0
10/22/06 07:00,29.3
10/22/06 08:00,59.8
10/22/06 09:00,63.9
10/22/06 10:00,21.9
10/22/06 11:00,21.3
10/22/06 12:00,21.2
10/22/06 13:00,27.2
10/22/06 14:00,20.0
10/22/06 15:00,20.0
10/22/06 16:00,0.4
10/22/06 17:00,0.0
10/22/06 18:00,0.0
10/22/06 19:00,0.0
10/22/06 20:00,0.0
10/22/06 21:00,0.0
10/22/06 22:00,0.0
10/22/06 23:00,0.0
10/23/06 00:00,0.0
10/23/06 01:00,0.0
10/23/06 02:00,0.0
10/23/06 03:00,0.0
10/23/06 04:00,0.0
10/23/06 05:00,0.0
10/23/06 06:00,0.0
10/23/06 07:00,27.1
10/23/06 08:00,11.7
10/23/06 09:00,13.5
10/23/06 10:00,47.1
10/23/06 11:00,20.3
10/23/06 12:00,36.0
10/23/06 13:00,29.3
10/23/06 14:00,40.6
10/23/06 15:00,1.1
10/23/06 16:00,0.1
10/23/06 17:00,0.0
10/23/06 18:00,0.0
10/23/06 19:00,0.0
10/23/06 20:00,0.0
10/23/06 21:00,0.0
10/23/06 22:00,0.0
10/23/06 23:00,0.0
10/24/06 00:00,0.0
10/24/06 01:00,0.0
10/24/06 02:00,0.0
10/24/06 03:00,0.0
10/24/06 04:00,0.0
10/24/06 05:00,0.0
10/24/06 06:00,0.0
10/24/06 07:00,27.6
10/24/06 08:00,42.2
10/24/06 09:00,12.8
10/24/06 10:00,32.8
10/24/06 11:00,40.2
10/24/06 12:00,45.9
10/24/06 13:00,51.2
10/24/06 14:00,59.9
10/24/06 15:00,47.0
10/24/06 16:00,29.8
10/24/06 17:00,0.0
10/24/06 18:00,0.0
10/24/06 19:00,0.0
10/24/06 20:00,0.0
10/24/06 21:00,0.0
10/24/06 22:00,0.0
10/24/06 23:00,0.0
10/25/06 00:00,0.0
10/25/06 01:00,0.0
10/25/06 02:00,0.0
10/25/06 03:00,0.0
10/25/06 04:00,0.0
10/25/06 05:00,0.0
10/25/06 06:00,0.0
10/25/06 07:00,27.1
10/25/06 08:00,24.7
10/25/06 09:00,37.0
10/25/06 10:00,19.3
10/25/06 11:00,10.8
10/25/06 12:00,15.7
10/25/06 13:00,28.2
10/25/06 14:00,22.1
10/25/06 15:00,49.0
10/25/06 16:00,29.4
10/25/06 17:00,0.0
10/25/06 18:00,0.0
10/25/06 19:00,0.0
10/25/06 20:00,0.0
10/25/06 21:00,0.0
10/25/06 22:00,0.0
10/25/06 23:00,0.0
10/26/06 00:00,0.0
10/26/06 01:00,0.0
10/26/06 02:00,0.0
10/26/06 03:00,0.0
10/26/06 04:00,0.0
10/26/06 05:00,0.0
10/26/06 06:00,0.0
10/26/06 07:00,12.9
10/26/06 08:00,8.7
10/26/06 09:00,1.4
10/26/06 10:00,56.8
10/26/06 11:00,55.9
10/26/06 12:00,55.4
10/26/06 13:00,55.3
10/26/06 14:00,59.3
10/26/06 15:00,47.6
10/26/06 16:00,24.9
10/26/06 17:00,0.0
10/26/06 18:00,0.0
10/26/06 19:00,0.0
10/26/06 20:00,0.0
10/26/06 21:00,0.0
10/26/06 22:00,0.0
10/26/06 23:00,0.0
10/27/06 00:00,0.0
10/27/06 01:00,0.0
10/27/06 02:00,0.0
10/27/06 03:00,0.0
10/27/06 04:00,0.0
10/27/06 05:00,0.0
10/27/06 06:00,0.0
10/27/06 07:00,25.0
10/27/06 08:00,57.6
10/27/06 09:00,56.2
10/27/06 10:00,6.9
10/27/06 11:00,9.4
10/27/06 12:00,5.4
10/27/06 13:00,3.0
10/27/06 14:00,1.4
10/27/06 15:00,0.2
10/27/06 16:00,0.0
10/27/06 17:00,0.0
10/27/06 18:00,0.0
10/27/06 19:00,0.0
10/27/06 20:00,0.0
10/27/06 21:00,0.0
10/27/06 22:00,0.0
10/27/06 23:00,0.0
10/28/06 00:00,0.0
10/28/06 01:00,0.0
10/28/06 02:00,0.0
10/28/06 03:00,0.0
10/28/06 04:00,0.0
10/28/06 05:00,0.0
10/28/06 06:00,0.0
10/28/06 07:00,0.0
10/28/06 08:00,0.2
10/28/06 09:00,1.0
10/28/06 10:00,58.3
10/28/06 11:00,54.8
10/28/06 12:00,49.3
10/28/06 13:00,57.1
10/28/06 14:00,57.2
10/28/06 15:00,47.3
10/28/06 16:00,18.9
10/28/06 17:00,0.0
10/28/06 18:00,0.0
10/28/06 19:00,0.0
10/28/06 20:00,0.0
10/28/06 21:00,0.0
10/28/06 22:00,0.0
10/28/06 23:00,0.0
10/29/06 00:00,0.0
10/29/06 01:00,0.0
10/29/06 02:00,0.0
10/29/06 03:00,0.0
10/29/06 04:00,0.0
10/29/06 05:00,0.0
10/29/06 06:00,0.0
10/29/06 07:00,24.1
10/29/06 08:00,60.7
10/29/06 09:00,66.0
10/29/06 10:00,61.7
10/29/06 11:00,54.3
10/29/06 12:00,53.5
10/29/06 13:00,58.2
10/29/06 14:00,61.1
10/29/06 15:00,49.9
10/29/06 16:00,26.9
10/29/06 17:00,0.0
10/29/06 18:00,0.0
10/29/06 19:00,0.0
10/29/06 20:00,0.0
10/29/06 21:00,0.0
10/29/06 22:00,0.0
10/29/06 23:00,0.0
10/30/06 00:00,0.0
10/30/06 01:00,0.0
10/30/06 02:00,0.0
10/30/06 03:00,0.0
10/30/06 04:00,0.0
10/30/06 05:00,0.0
10/30/06 06:00,0.0
10/30/06 07:00,22.7
10/30/06 08:00,55.9
10/30/06 09:00,61.4
10/30/06 10:00,57.5
10/30/06 11:00,51.4
10/30/06 12:00,50.5
10/30/06 13:00,54.0
10/30/06 14:00,55.1
10/30/06 15:00,48.4
10/30/06 16:00,25.9
10/30/06 17:00,0.0
10/30/06 18:00,0.0
10/30/06 19:00,0.0
10/30/06 20:00,0.0
10/30/06 21:00,0.0
10/30/06 22:00,0.0
10/30/06 23:00,0.0
10/31/06 00:00,0.0
10/31/06 01:00,0.0
10/31/06 02:00,0.0
10/31/06 03:00,0.0
10/31/06 04:00,0.0
10/31/06 05:00,0.0
10/31/06 06:00,0.0
10/31/06 07:00,22.1
10/31/06 08:00,58.8
10/31/06 09:00,58.6
10/31/06 10:00,43.7
10/31/06 11:00,37.2
10/31/06 12:00,49.9
10/31/06 13:00,49.3
10/31/06 14:00,55.1
10/31/06 15:00,43.2
10/31/06 16:00,24.3
10/31/06 17:00,0.0
10/31/06 18:00,0.0
10/31/06 19:00,0.0
10/31/06 20:00,0.0
10/31/06 21:00,0.0
10/31/06 22:00,0.0
10/31/06 23:00,0.0
11/01/06 00:00,0.0
11/01/06 01:00,0.0
11/01/06 02:00,0.0
11/01/06 03:00,0.0
11/01/06 04:00,0.0
11/01/06 05:00,0.0
11/01/06 06:00,0.0
11/01/06 07:00,18.1
11/01/06 08:00,40.0
11/01/06 09:00,38.2
11/01/06 10:00,53.5
11/01/06 11:00,48.5
11/01/06 12:00,49.1
11/01/06 13:00,54.2
11/01/06 14:00,55.9
11/01/06 15:00,44.9
11/01/06 16:00,16.0
11/01/06 17:00,0.0
11/01/06 18:00,0.0
11/01/06 19:00,0.0
11/01/06 20:00,0.0
11/01/06 21:00,0.0
11/01/06 22:00,0.0
11/01/06 23:00,0.0
11/02/06 00:00,0.0
11/02/06 01:00,0.0
11/02/06 02:00,0.0
11/02/06 03:00,0.0
11/02/06 04:00,0.0
11/02/06 05:00,0.0
11/02/06 06:00,0.0
11/02/06 07:00,20.4
11/02/06 08:00,57.7
11/02/06 09:00,63.2
11/02/06 10:00,57.6
11/02/06 11:00,47.0
11/02/06 12:00,53.8
11/02/06 13:00,58.2
11/02/06 14:00,61.4
11/02/06 15:00,49.4
11/02/06 16:00,29.7
11/02/06 17:00,0.0
11/02/06 18:00,0.0
11/02/06 19:00,0.0
11/02/06 20:00,0.0
11/02/06 21:00,0.0
11/02/06 22:00,0.0
11/02/06 23:00,0.0
11/03/06 00:00,0.0
11/03/06 01:00,0.0
11/03/06 02:00,0.0
11/03/06 03:00,0.0
11/03/06 04:00,0.0
11/03/06 05:00,0.0
11/03/06 06:00,0.0
11/03/06 07:00,0.9
11/03/06 08:00,60.0
11/03/06 09:00,56.7
11/03/06 10:00,59.8
11/03/06 11:00,55.4
11/03/06 12:00,54.8
11/03/06 13:00,58.9
11/03/06 14:00,59.7
11/03/06 15:00,51.5
11/03/06 16:00,29.7
11/03/06 17:00,0.0
11/03/06 18:00,0.0
11/03/06 19:00,0.0
11/03/06 20:00,0.0
11/03/06 21:00,0.0
11/03/06 22:00,0.0
11/03/06 23:00,0.0
11/04/06 00:00,0.0
11/04/06 01:00,0.0
11/04/06 02:00,0.0
11/04/06 03:00,0.0
11/04/06 04:00,0.0
11/04/06 05:00,0.0
11/04/06 06:00,0.0
11/04/06 07:00,0.5
11/04/06 08:00,59.6
11/04/06 09:00,63.3
11/04/06 10:00,60.6
11/04/06 11:00,50.8
11/04/06 12:00,39.9
11/04/06 13:00,52.5
11/04/06 14:00,37.1
11/04/06 15:00,34.4
11/04/06 16:00,10.0
11/04/06 17:00,0.0
11/04/06 18:00,0.0
11/04/06 19:00,0.0
11/04/06 20:00,0.0
11/04/06 21:00,0.0
11/04/06 22:00,0.0
11/04/06 23:00,0.0
11/05/06 00:00,0.0
11/05/06 01:00,0.0
11/05/06 02:00,0.0
11/05/06 03:00,0.0
11/05/06 04:00,0.0
11/05/06 05:00,0.0
11/05/06 06:00,0.0
11/05/06 07:00,0.1
11/05/06 08:00,55.7
11/05/06 09:00,56.2
11/05/06 10:00,22.0
11/05/06 11:00,11.7
11/05/06 12:00,52.7
11/05/06 13:00,58.9
11/05/06 14:00,60.0
11/05/06 15:00,47.8
11/05/06 16:00,24.4
11/05/06 17:00,0.0
11/05/06 18:00,0.0
11/05/06 19:00,0.0
11/05/06 20:00,0.0
11/05/06 21:00,0.0
11/05/06 22:00,0.0
11/05/06 23:00,0.0
11/06/06 00:00,0.0
11/06/06 01:00,0.0
11/06/06 02:00,0.0
11/06/06 03:00,0.0
11/06/06 04:00,0.0
11/06/06 05:00,0.0
11/06/06 06:00,0.0
11/06/06 07:00,0.0
11/06/06 08:00,9.1
11/06/06 09:00,1.7
11/06/06 10:00,39.3
11/06/06 11:00,21.7
11/06/06 12:00,27.9
11/06/06 13:00,54.9
11/06/06 14:00,57.7
11/06/06 15:00,47.9
11/06/06 16:00,26.0
11/06/06 17:00,0.0
11/06/06 18:00,0.0
11/06/06 19:00,0.0
11/06/06 20:00,0.0
11/06/06 21:00,0.0
11/06/06 22:00,0.0
11/06/06 23:00,0.0
11/07/06 00:00,0.0
11/07/06 01:00,0.0
11/07/06 02:00,0.0
11/07/06 03:00,0.0
11/07/06 04:00,0.0
11/07/06 05:00,0.0
11/07/06 06:00,0.0
11/07/06 07:00,0.0
11/07/06 08:00,34.7
11/07/06 09:00,15.5
11/07/06 10:00,17.3
11/07/06 11:00,4.9
11/07/06 12:00,5.5
11/07/06 13:00,2.2
11/07/06 14:00,0.8
11/07/06 15:00,0.2
11/07/06 16:00,0.0
11/07/06 17:00,0.0
11/07/06 18:00,0.0
11/07/06 19:00,0.0
11/07/06 20:00,0.0
11/07/06 21:00,0.0
11/07/06 22:00,0.0
11/07/06 23:00,0.0
11/08/06 00:00,0.0
11/08/06 01:00,0.0
11/08/06 02:00,0.0
11/08/06 03:00,0.0
11/08/06 04:00,0.0
11/08/06 05:00,0.0
11/08/06 06:00,0.0
11/08/06 07:00,0.0
11/08/06 08:00,11.1
11/08/06 09:00,0.4
11/08/06 10:00,2.2
11/08/06 11:00,20.3
11/08/06 12:00,10.5
11/08/06 13:00,3.6
11/08/06 14:00,1.1
11/08/06 15:00,0.1
11/08/06 16:00,0.1
11/08/06 17:00,0.0
11/08/06 18:00,0.0
11/08/06 19:00,0.0
11/08/06 20:00,0.0
11/08/06 21:00,0.0
11/08/06 22:00,0.0
11/08/06 23:00,0.0
11/09/06 00:00,0.0
11/09/06 01:00,0.0
11/09/06 02:00,0.0
11/09/06 03:00,0.0
11/09/06 04:00,0.0
11/09/06 05:00,0.0
11/09/06 06:00,0.0
11/09/06 07:00,0.0
11/09/06 08:00,0.1
11/09/06 09:00,16.4
11/09/06 10:00,52.9
11/09/06 11:00,50.5
11/09/06 12:00,50.0
11/09/06 13:00,53.9
11/09/06 14:00,56.1
11/09/06 15:00,45.1
11/09/06 16:00,25.8
11/09/06 17:00,0.0
11/09/06 18:00,0.0
11/09/06 19:00,0.0
11/09/06 20:00,0.0
11/09/06 21:00,0.0
11/09/06 22:00,0.0
11/09/06 23:00,0.0
11/10/06 00:00,0.0
11/10/06 01:00,0.0
11/10/06 02:00,0.0
11/10/06 03:00,0.0
11/10/06 04:00,0.0
11/10/06 05:00,0.0
11/10/06 06:00,0.0
11/10/06 07:00,0.0
11/10/06 08:00,54.1
11/10/06 09:00,59.2
11/10/06 10:00,52.2
11/10/06 11:00,48.7
11/10/06 12:00,46.7
11/10/06 13:00,51.2
11/10/06 14:00,54.9
11/10/06 15:00,43.6
11/10/06 16:00,20.6
11/10/06 17:00,0.0
11/10/06 18:00,0.0
11/10/06 19:00,0.0
11/10/06 20:00,0.0
11/10/06 21:00,0.0
11/10/06 22:00,0.0
11/10/06 23:00,0.0
11/11/06 00:00,0.0
11/11/06 01:00,0.0
11/11/06 02:00,0.0
11/11/06 03:00,0.0
11/11/06 04:00,0.0
11/11/06 05:00,0.0
11/11/06 06:00,0.0
11/11/06 07:00,0.0
11/11/06 08:00,42.3
11/11/06 09:00,56.9
11/11/06 10:00,54.3
11/11/06 11:00,49.5
11/11/06 12:00,48.8
11/11/06 13:00,49.0
11/11/06 14:00,44.6
11/11/06 15:00,40.8
11/11/06 16:00,16.9
11/11/06 17:00,0.0
11/11/06 18:00,0.0
11/11/06 19:00,0.0
11/11/06 20:00,0.0
11/11/06 21:00,0.0
11/11/06 22:00,0.0
11/11/06 23:00,0.0
11/12/06 00:00,0.0
11/12/06 01:00,0.0
11/12/06 02:00,0.0
11/12/06 03:00,0.0
11/12/06 04:00,0.0
11/12/06 05:00,0.0
11/12/06 06:00,0.0
11/12/06 07:00,0.0
11/12/06 08:00,53.9
11/12/06 09:00,55.4
11/12/06 10:00,2.0
11/12/06 11:00,7.9
11/12/06 12:00,4.0
11/12/06 13:00,7.5
11/12/06 14:00,4.1
11/12/06 15:00,11.9
11/12/06 16:00,0.0
11/12/06 17:00,0.0
11/12/06 18:00,0.0
11/12/06 19:00,0.0
11/12/06 20:00,0.0
11/12/06 21:00,0.0
11/12/06 22:00,0.0
11/12/06 23:00,0.0
11/13/06 00:00,0.0
11/13/06 01:00,0.0
11/13/06 02:00,0.0
11/13/06 03:00,0.0
11/13/06 04:00,0.0
11/13/06 05:00,0.0
11/13/06 06:00,0.0
11/13/06 07:00,0.0
11/13/06 08:00,0.0
11/13/06 09:00,0.7
11/13/06 10:00,2.8
11/13/06 11:00,3.4
11/13/06 12:00,3.6
11/13/06 13:00,14.7
11/13/06 14:00,14.3
11/13/06 15:00,0.1
11/13/06 16:00,0.0
11/13/06 17:00,0.0
11/13/06 18:00,0.0
11/13/06 19:00,0.0
11/13/06 20:00,0.0
11/13/06 21:00,0.0
11/13/06 22:00,0.0
11/13/06 23:00,0.0
11/14/06 00:00,0.0
11/14/06 01:00,0.0
11/14/06 02:00,0.0
11/14/06 03:00,0.0
11/14/06 04:00,0.0
11/14/06 05:00,0.0
11/14/06 06:00,0.0
11/14/06 07:00,0.0
11/14/06 08:00,0.1
11/14/06 09:00,0.3
11/14/06 10:00,50.2
11/14/06 11:00,45.5
11/14/06 12:00,43.9
11/14/06 13:00,47.1
11/14/06 14:00,24.7
11/14/06 15:00,18.3
11/14/06 16:00,16.7
11/14/06 17:00,0.0
11/14/06 18:00,0.0
11/14/06 19:00,0.0
11/14/06 20:00,0.0
11/14/06 21:00,0.0
11/14/06 22:00,0.0
11/14/06 23:00,0.0
11/15/06 00:00,0.0
11/15/06 01:00,0.0
11/15/06 02:00,0.0
11/15/06 03:00,0.0
11/15/06 04:00,0.0
11/15/06 05:00,0.0
11/15/06 06:00,0.0
11/15/06 07:00,0.0
11/15/06 08:00,50.8
11/15/06 09:00,53.2
11/15/06 10:00,32.7
11/15/06 11:00,39.0
11/15/06 12:00,20.9
11/15/06 13:00,11.9
11/15/06 14:00,1.6
11/15/06 15:00,0.5
11/15/06 16:00,0.0
11/15/06 17:00,0.0
11/15/06 18:00,0.0
11/15/06 19:00,0.0
11/15/06 20:00,0.0
11/15/06 21:00,0.0
11/15/06 22:00,0.0
11/15/06 23:00,0.0
11/16/06 00:00,0.0
11/16/06 01:00,0.0
11/16/06 02:00,0.0
11/16/06 03:00,0.0
11/16/06 04:00,0.0
11/16/06 05:00,0.0
11/16/06 06:00,0.0
11/16/06 07:00,0.0
11/16/06 08:00,23.0
11/16/06 09:00,42.6
11/16/06 10:00,1.5
11/16/06 11:00,7.2
11/16/06 12:00,3.2
11/16/06 13:00,5.0
11/16/06 14:00,0.5
11/16/06 15:00,10.6
11/16/06 16:00,0.0
11/16/06 17:00,0.0
11/16/06 18:00,0.0
11/16/06 19:00,0.0
11/16/06 20:00,0.0
11/16/06 21:00,0.0
11/16/06 22:00,0.0
11/16/06 23:00,0.0
11/17/06 00:00,0.0
11/17/06 01:00,0.0
11/17/06 02:00,0.0
11/17/06 03:00,0.0
11/17/06 04:00,0.0
11/17/06 05:00,0.0
11/17/06 06:00,0.0
11/17/06 07:00,0.0
11/17/06 08:00,0.0
11/17/06 09:00,0.6
11/17/06 10:00,50.7
11/17/06 11:00,49.3
11/17/06 12:00,47.8
11/17/06 13:00,51.7
11/17/06 14:00,55.5
11/17/06 15:00,43.1
11/17/06 16:00,21.9
11/17/06 17:00,0.0
11/17/06 18:00,0.0
11/17/06 19:00,0.0
11/17/06 20:00,0.0
11/17/06 21:00,0.0
11/17/06 22:00,0.0
11/17/06 23:00,0.0
11/18/06 00:00,0.0
11/18/06 01:00,0.0
11/18/06 02:00,0.0
11/18/06 03:00,0.0
11/18/06 04:00,0.0
11/18/06 05:00,0.0
11/18/06 06:00,0.0
11/18/06 07:00,0.0
11/18/06 08:00,49.2
11/18/06 09:00,54.3
11/18/06 10:00,31.2
11/18/06 11:00,36.3
11/18/06 12:00,36.5
11/18/06 13:00,43.9
11/18/06 14:00,38.2
11/18/06 15:00,42.5
11/18/06 16:00,18.2
11/18/06 17:00,0.0
11/18/06 18:00,0.0
11/18/06 19:00,0.0
11/18/06 20:00,0.0
11/18/06 21:00,0.0
11/18/06 22:00,0.0
11/18/06 23:00,0.0
11/19/06 00:00,0.0
11/19/06 01:00,0.0
11/19/06 02:00,0.0
11/19/06 03:00,0.0
11/19/06 04:00,0.0
11/19/06 05:00,0.0
11/19/06 06:00,0.0
11/19/06 07:00,0.0
11/19/06 08:00,19.3
11/19/06 09:00,42.1
11/19/06 10:00,39.6
11/19/06 11:00,45.6
11/19/06 12:00,45.2
11/19/06 13:00,26.2
11/19/06 14:00,2.2
11/19/06 15:00,33.2
11/19/06 16:00,16.9
11/19/06 17:00,0.0
11/19/06 18:00,0.0
11/19/06 19:00,0.0
11/19/06 20:00,0.0
11/19/06 21:00,0.0
11/19/06 22:00,0.0
11/19/06 23:00,0.0
11/20/06 00:00,0.0
11/20/06 01:00,0.0
11/20/06 02:00,0.0
11/20/06 03:00,0.0
11/20/06 04:00,0.0
11/20/06 05:00,0.0
11/20/06 06:00,0.0
11/20/06 07:00,0.0
11/20/06 08:00,30.0
11/20/06 09:00,56.0
11/20/06 10:00,51.5
11/20/06 11:00,44.7
11/20/06 12:00,47.5
11/20/06 13:00,49.3
11/20/06 14:00,41.5
11/20/06 15:00,20.3
11/20/06 16:00,0.1
11/20/06 17:00,0.0
11/20/06 18:00,0.0
11/20/06 19:00,0.0
11/20/06 20:00,0.0
11/20/06 21:00,0.0
11/20/06 22:00,0.0
11/20/06 23:00,0.0
11/21/06 00:00,0.0
11/21/06 01:00,0.0
11/21/06 02:00,0.0
11/21/06 03:00,0.0
11/21/06 04:00,0.0
11/21/06 05:00,0.0
11/21/06 06:00,0.0
11/21/06 07:00,0.0
11/21/06 08:00,35.0
11/21/06 09:00,59.1
11/21/06 10:00,51.1
11/21/06 11:00,45.4
11/21/06 12:00,47.5
11/21/06 13:00,52.4
11/21/06 14:00,52.7
11/21/06 15:00,43.3
11/21/06 16:00,16.2
11/21/06 17:00,0.0
11/21/06 18:00,0.0
11/21/06 19:00,0.0
11/21/06 20:00,0.0
11/21/06 21:00,0.0
11/21/06 22:00,0.0
11/21/06 23:00,0.0
11/22/06 00:00,0.0
11/22/06 01:00,0.0
11/22/06 02:00,0.0
11/22/06 03:00,0.0
11/22/06 04:00,0.0
11/22/06 05:00,0.0
11/22/06 06:00,0.0
11/22/06 07:00,0.0
11/22/06 08:00,33.8
11/22/06 09:00,50.5
11/22/06 10:00,8.1
11/22/06 11:00,16.6
11/22/06 12:00,2.9
11/22/06 13:00,1.4
11/22/06 14:00,0.5
11/22/06 15:00,0.1
11/22/06 16:00,0.0
11/22/06 17:00,0.0
11/22/06 18:00,0.0
11/22/06 19:00,0.0
11/22/06 20:00,0.0
11/22/06 21:00,0.0
11/22/06 22:00,0.0
11/22/06 23:00,0.0
11/23/06 00:00,0.0
11/23/06 01:00,0.0
11/23/06 02:00,0.0
11/23/06 03:00,0.0
11/23/06 04:00,0.0
11/23/06 05:00,0.0
11/23/06 06:00,0.0
11/23/06 07:00,0.0
11/23/06 08:00,0.1
11/23/06 09:00,7.1
11/23/06 10:00,8.4
11/23/06 11:00,3.0
11/23/06 12:00,9.9
11/23/06 13:00,12.8
11/23/06 14:00,12.0
11/23/06 15:00,28.0
11/23/06 16:00,0.0
11/23/06 17:00,0.0
11/23/06 18:00,0.0
11/23/06 19:00,0.0
11/23/06 20:00,0.0
11/23/06 21:00,0.0
11/23/06 22:00,0.0
11/23/06 23:00,0.0
11/24/06 00:00,0.0
11/24/06 01:00,0.0
11/24/06 02:00,0.0
11/24/06 03:00,0.0
11/24/06 04:00,0.0
11/24/06 05:00,0.0
11/24/06 06:00,0.0
11/24/06 07:00,0.0
11/24/06 08:00,0.1
11/24/06 09:00,0.2
11/24/06 10:00,47.8
11/24/06 11:00,45.7
11/24/06 12:00,42.8
11/24/06 13:00,47.8
11/24/06 14:00,48.2
11/24/06 15:00,40.6
11/24/06 16:00,18.3
11/24/06 17:00,0.0
11/24/06 18:00,0.0
11/24/06 19:00,0.0
11/24/06 20:00,0.0
11/24/06 21:00,0.0
11/24/06 22:00,0.0
11/24/06 23:00,0.0
11/25/06 00:00,0.0
11/25/06 01:00,0.0
11/25/06 02:00,0.0
11/25/06 03:00,0.0
11/25/06 04:00,0.0
11/25/06 05:00,0.0
11/25/06 06:00,0.0
11/25/06 07:00,0.0
11/25/06 08:00,33.3
11/25/06 09:00,55.4
11/25/06 10:00,50.8
11/25/06 11:00,44.7
11/25/06 12:00,44.5
11/25/06 13:00,45.6
11/25/06 14:00,48.1
11/25/06 15:00,37.8
11/25/06 16:00,16.8
11/25/06 17:00,0.0
11/25/06 18:00,0.0
11/25/06 19:00,0.0
11/25/06 20:00,0.0
11/25/06 21:00,0.0
11/25/06 22:00,0.0
11/25/06 23:00,0.0
11/26/06 00:00,0.0
11/26/06 01:00,0.0
11/26/06 02:00,0.0
11/26/06 03:00,0.0
11/26/06 04:00,0.0
11/26/06 05:00,0.0
11/26/06 06:00,0.0
11/26/06 07:00,0.0
11/26/06 08:00,33.5
11/26/06 09:00,55.1
11/26/06 10:00,50.9
11/26/06 11:00,44.1
11/26/06 12:00,43.2
11/26/06 13:00,46.0
11/26/06 14:00,48.2
11/26/06 15:00,39.2
11/26/06 16:00,18.0
11/26/06 17:00,0.0
11/26/06 18:00,0.0
11/26/06 19:00,0.0
11/26/06 20:00,0.0
11/26/06 21:00,0.0
11/26/06 22:00,0.0
11/26/06 23:00,0.0
11/27/06 00:00,0.0
11/27/06 01:00,0.0
11/27/06 02:00,0.0
11/27/06 03:00,0.0
11/27/06 04:00,0.0
11/27/06 05:00,0.0
11/27/06 06:00,0.0
11/27/06 07:00,0.0
11/27/06 08:00,0.0
11/27/06 09:00,46.5
11/27/06 10:00,49.5
11/27/06 11:00,40.3
11/27/06 12:00,40.3
11/27/06 13:00,44.1
11/27/06 14:00,42.9
11/27/06 15:00,21.9
11/27/06 16:00,10.6
11/27/06 17:00,0.0
11/27/06 18:00,0.0
11/27/06 19:00,0.0
11/27/06 20:00,0.0
11/27/06 21:00,0.0
11/27/06 22:00,0.0
11/27/06 23:00,0.0
11/28/06 00:00,0.0
11/28/06 01:00,0.0
11/28/06 02:00,0.0
11/28/06 03:00,0.0
11/28/06 04:00,0.0
11/28/06 05:00,0.0
11/28/06 06:00,0.0
11/28/06 07:00,0.0
11/28/06 08:00,26.8
11/28/06 09:00,48.9
11/28/06 10:00,45.5
11/28/06 11:00,35.5
11/28/06 12:00,35.0
11/28/06 13:00,31.1
11/28/06 14:00,38.9
11/28/06 15:00,28.9
11/28/06 16:00,2.4
11/28/06 17:00,0.0
11/28/06 18:00,0.0
11/28/06 19:00,0.0
11/28/06 20:00,0.0
11/28/06 21:00,0.0
11/28/06 22:00,0.0
11/28/06 23:00,0.0
11/29/06 00:00,0.0
11/29/06 01:00,0.0
11/29/06 02:00,0.0
11/29/06 03:00,0.0
11/29/06 04:00,0.0
11/29/06 05:00,0.0
11/29/06 06:00,0.0
11/29/06 07:00,0.0
11/29/06 08:00,28.0
11/29/06 09:00,43.7
11/29/06 10:00,39.5
11/29/06 11:00,39.8
11/29/06 12:00,39.3
11/29/06 13:00,40.3
11/29/06 14:00,21.5
11/29/06 15:00,19.0
11/29/06 16:00,4.2
11/29/06 17:00,0.0
11/29/06 18:00,0.0
11/29/06 19:00,0.0
11/29/06 20:00,0.0
11/29/06 21:00,0.0
11/29/06 22:00,0.0
11/29/06 23:00,0.0
11/30/06 00:00,0.0
11/30/06 01:00,0.0
11/30/06 02:00,0.0
11/30/06 03:00,0.0
11/30/06 04:00,0.0
11/30/06 05:00,0.0
11/30/06 06:00,0.0
11/30/06 07:00,0.0
11/30/06 08:00,28.5
11/30/06 09:00,50.9
11/30/06 10:00,47.1
11/30/06 11:00,33.9
11/30/06 12:00,38.4
11/30/06 13:00,21.3
11/30/06 14:00,6.1
11/30/06 15:00,2.4
11/30/06 16:00,0.0
11/30/06 17:00,0.0
11/30/06 18:00,0.0
11/30/06 19:00,0.0
11/30/06 20:00,0.0
11/30/06 21:00,0.0
11/30/06 22:00,0.0
11/30/06 23:00,0.0
12/01/06 00:00,0.0
12/01/06 01:00,0.0
12/01/06 02:00,0.0
12/01/06 03:00,0.0
12/01/06 04:00,0.0
12/01/06 05:00,0.0
12/01/06 06:00,0.0
12/01/06 07:00,0.0
12/01/06 08:00,12.7
12/01/06 09:00,36.8
12/01/06 10:00,43.7
12/01/06 11:00,28.0
12/01/06 12:00,2.2
12/01/06 13:00,1.1
12/01/06 14:00,0.3
12/01/06 15:00,0.0
12/01/06 16:00,12.3
12/01/06 17:00,0.0
12/01/06 18:00,0.0
12/01/06 19:00,0.0
12/01/06 20:00,0.0
12/01/06 21:00,0.0
12/01/06 22:00,0.0
12/01/06 23:00,0.0
12/02/06 00:00,0.0
12/02/06 01:00,0.0
12/02/06 02:00,0.0
12/02/06 03:00,0.0
12/02/06 04:00,0.0
12/02/06 05:00,0.0
12/02/06 06:00,0.0
12/02/06 07:00,0.0
12/02/06 08:00,0.6
12/02/06 09:00,28.5
12/02/06 10:00,0.7
12/02/06 11:00,44.8
12/02/06 12:00,43.4
12/02/06 13:00,48.7
12/02/06 14:00,48.5
12/02/06 15:00,39.0
12/02/06 16:00,16.5
12/02/06 17:00,0.0
12/02/06 18:00,0.0
12/02/06 19:00,0.0
12/02/06 20:00,0.0
12/02/06 21:00,0.0
12/02/06 22:00,0.0
12/02/06 23:00,0.0
12/03/06 00:00,0.0
12/03/06 01:00,0.0
12/03/06 02:00,0.0
12/03/06 03:00,0.0
12/03/06 04:00,0.0
12/03/06 05:00,0.0
12/03/06 06:00,0.0
12/03/06 07:00,0.0
12/03/06 08:00,30.5
12/03/06 09:00,54.5
12/03/06 10:00,50.5
12/03/06 11:00,18.7
12/03/06 12:00,15.1
12/03/06 13:00,12.5
12/03/06 14:00,21.9
12/03/06 15:00,1.4
12/03/06 16:00,0.0
12/03/06 17:00,0.0
12/03/06 18:00,0.0
12/03/06 19:00,0.0
12/03/06 20:00,0.0
12/03/06 21:00,0.0
12/03/06 22:00,0.0
12/03/06 23:00,0.0
12/04/06 00:00,0.0
12/04/06 01:00,0.0
12/04/06 02:00,0.0
12/04/06 03:00,0.0
12/04/06 04:00,0.0
12/04/06 05:00,0.0
12/04/06 06:00,0.0
12/04/06 07:00,0.0
12/04/06 08:00,31.0
12/04/06 09:00,12.7
12/04/06 10:00,11.5
12/04/06 11:00,46.5
12/04/06 12:00,46.4
12/04/06 13:00,50.6
12/04/06 14:00,52.2
12/04/06 15:00,41.5
12/04/06 16:00,15.7
12/04/06 17:00,0.0
12/04/06 18:00,0.0
12/04/06 19:00,0.0
12/04/06 20:00,0.0
12/04/06 21:00,0.0
12/04/06 22:00,0.0
12/04/06 23:00,0.0
12/05/06 00:00,0.0
12/05/06 01:00,0.0
12/05/06 02:00,0.0
12/05/06 03:00,0.0
12/05/06 04:00,0.0
12/05/06 05:00,0.0
12/05/06 06:00,0.0
12/05/06 07:00,0.0
12/05/06 08:00,30.7
12/05/06 09:00,56.4
12/05/06 10:00,50.6
12/05/06 11:00,46.6
12/05/06 12:00,45.3
12/05/06 13:00,49.6
12/05/06 14:00,50.9
12/05/06 15:00,40.6
12/05/06 16:00,19.4
12/05/06 17:00,0.0
12/05/06 18:00,0.0
12/05/06 19:00,0.0
12/05/06 20:00,0.0
12/05/06 21:00,0.0
12/05/06 22:00,0.0
12/05/06 23:00,0.0
12/06/06 00:00,0.0
12/06/06 01:00,0.0
12/06/06 02:00,0.0
12/06/06 03:00,0.0
12/06/06 04:00,0.0
12/06/06 05:00,0.0
12/06/06 06:00,0.0
12/06/06 07:00,0.0
12/06/06 08:00,30.7
12/06/06 09:00,56.5
12/06/06 10:00,51.0
12/06/06 11:00,42.8
12/06/06 12:00,44.6
12/06/06 13:00,49.3
12/06/06 14:00,49.7
12/06/06 15:00,39.6
12/06/06 16:00,15.8
12/06/06 17:00,0.0
12/06/06 18:00,0.0
12/06/06 19:00,0.0
12/06/06 20:00,0.0
12/06/06 21:00,0.0
12/06/06 22:00,0.0
12/06/06 23:00,0.0
12/07/06 00:00,0.0
12/07/06 01:00,0.0
12/07/06 02:00,0.0
12/07/06 03:00,0.0
12/07/06 04:00,0.0
12/07/06 05:00,0.0
12/07/06 06:00,0.0
12/07/06 07:00,0.0
12/07/06 08:00,28.8
12/07/06 09:00,52.0
12/07/06 10:00,50.0
12/07/06 11:00,44.4
12/07/06 12:00,42.3
12/07/06 13:00,46.4
12/07/06 14:00,1.0
12/07/06 15:00,1.0
12/07/06 16:00,0.0
12/07/06 17:00,0.0
12/07/06 18:00,0.0
12/07/06 19:00,0.0
12/07/06 20:00,0.0
12/07/06 21:00,0.0
12/07/06 22:00,0.0
12/07/06 23:00,0.0
12/08/06 00:00,0.0
12/08/06 01:00,0.0
12/08/06 02:00,0.0
12/08/06 03:00,0.0
12/08/06 04:00,0.0
12/08/06 05:00,0.0
12/08/06 06:00,0.0
12/08/06 07:00,0.0
12/08/06 08:00,30.4
12/08/06 09:00,57.2
12/08/06 10:00,54.1
12/08/06 11:00,46.9
12/08/06 12:00,45.6
12/08/06 13:00,51.1
12/08/06 14:00,53.0
12/08/06 15:00,39.9
12/08/06 16:00,19.8
12/08/06 17:00,0.0
12/08/06 18:00,0.0
12/08/06 19:00,0.0
12/08/06 20:00,0.0
12/08/06 21:00,0.0
12/08/06 22:00,0.0
12/08/06 23:00,0.0
12/09/06 00:00,0.0
12/09/06 01:00,0.0
12/09/06 02:00,0.0
12/09/06 03:00,0.0
12/09/06 04:00,0.0
12/09/06 05:00,0.0
12/09/06 06:00,0.0
12/09/06 07:00,0.0
12/09/06 08:00,29.3
12/09/06 09:00,54.5
12/09/06 10:00,50.8
12/09/06 11:00,46.9
12/09/06 12:00,45.6
12/09/06 13:00,49.3
12/09/06 14:00,50.8
12/09/06 15:00,40.4
12/09/06 16:00,18.6
12/09/06 17:00,0.0
12/09/06 18:00,0.0
12/09/06 19:00,0.0
12/09/06 20:00,0.0
12/09/06 21:00,0.0
12/09/06 22:00,0.0
12/09/06 23:00,0.0
12/10/06 00:00,0.0
12/10/06 01:00,0.0
12/10/06 02:00,0.0
12/10/06 03:00,0.0
12/10/06 04:00,0.0
12/10/06 05:00,0.0
12/10/06 06:00,0.0
12/10/06 07:00,0.0
12/10/06 08:00,19.4
12/10/06 09:00,53.1
12/10/06 10:00,50.3
12/10/06 11:00,42.9
12/10/06 12:00,42.0
12/10/06 13:00,46.4
12/10/06 14:00,47.1
12/10/06 15:00,36.8
12/10/06 16:00,12.6
12/10/06 17:00,0.0
12/10/06 18:00,0.0
12/10/06 19:00,0.0
12/10/06 20:00,0.0
12/10/06 21:00,0.0
12/10/06 22:00,0.0
12/10/06 23:00,0.0
12/11/06 00:00,0.0
12/11/06 01:00,0.0
12/11/06 02:00,0.0
12/11/06 03:00,0.0
12/11/06 04:00,0.0
12/11/06 05:00,0.0
12/11/06 06:00,0.0
12/11/06 07:00,0.0
12/11/06 08:00,27.8
12/11/06 09:00,53.2
12/11/06 10:00,49.2
12/11/06 11:00,42.1
12/11/06 12:00,40.0
12/11/06 13:00,44.2
12/11/06 14:00,45.9
12/11/06 15:00,37.8
12/11/06 16:00,16.0
12/11/06 17:00,0.0
12/11/06 18:00,0.0
12/11/06 19:00,0.0
12/11/06 20:00,0.0
12/11/06 21:00,0.0
12/11/06 22:00,0.0
12/11/06 23:00,0.0
12/12/06 00:00,0.0
12/12/06 01:00,0.0
12/12/06 02:00,0.0
12/12/06 03:00,0.0
12/12/06 04:00,0.0
12/12/06 05:00,0.0
12/12/06 06:00,0.0
12/12/06 07:00,0.0
12/12/06 08:00,27.4
12/12/06 09:00,55.0
12/12/06 10:00,49.7
12/12/06 11:00,42.3
12/12/06 12:00,37.8
12/12/06 13:00,40.9
12/12/06 14:00,39.8
12/12/06 15:00,18.9
12/12/06 16:00,0.7
12/12/06 17:00,0.0
12/12/06 18:00,0.0
12/12/06 19:00,0.0
12/12/06 20:00,0.0
12/12/06 21:00,0.0
12/12/06 22:00,0.0
12/12/06 23:00,0.0
12/13/06 00:00,0.0
12/13/06 01:00,0.0
12/13/06 02:00,0.0
12/13/06 03:00,0.0
12/13/06 04:00,0.0
12/13/06 05:00,0.0
12/13/06 06:00,0.0
12/13/06 07:00,0.0
12/13/06 08:00,26.7
12/13/06 09:00,50.5
12/13/06 10:00,41.0
12/13/06 11:00,1.8
12/13/06 12:00,14.4
12/13/06 13:00,2.6
12/13/06 14:00,41.6
12/13/06 15:00,35.6
12/13/06 16:00,15.3
12/13/06 17:00,0.0
12/13/06 18:00,0.0
12/13/06 19:00,0.0
12/13/06 20:00,0.0
12/13/06 21:00,0.0
12/13/06 22:00,0.0
12/13/06 23:00,0.0
12/14/06 00:00,0.0
12/14/06 01:00,0.0
12/14/06 02:00,0.0
12/14/06 03:00,0.0
12/14/06 04:00,0.0
12/14/06 05:00,0.0
12/14/06 06:00,0.0
12/14/06 07:00,0.0
12/14/06 08:00,26.8
12/14/06 09:00,0.1
12/14/06 10:00,10.1
12/14/06 11:00,42.1
12/14/06 12:00,41.4
12/14/06 13:00,45.6
12/14/06 14:00,45.0
12/14/06 15:00,36.8
12/14/06 16:00,18.5
12/14/06 17:00,0.0
12/14/06 18:00,0.0
12/14/06 19:00,0.0
12/14/06 20:00,0.0
12/14/06 21:00,0.0
12/14/06 22:00,0.0
12/14/06 23:00,0.0
12/15/06 00:00,0.0
12/15/06 01:00,0.0
12/15/06 02:00,0.0
12/15/06 03:00,0.0
12/15/06 04:00,0.0
12/15/06 05:00,0.0
12/15/06 06:00,0.0
12/15/06 07:00,0.0
12/15/06 08:00,25.4
12/15/06 09:00,51.4
12/15/06 10:00,49.7
12/15/06 11:00,42.0
12/15/06 12:00,39.0
12/15/06 13:00,44.5
12/15/06 14:00,45.8
12/15/06 15:00,33.9
12/15/06 16:00,13.0
12/15/06 17:00,0.0
12/15/06 18:00,0.0
12/15/06 19:00,0.0
12/15/06 20:00,0.0
12/15/06 21:00,0.0
12/15/06 22:00,0.0
12/15/06 23:00,0.0
12/16/06 00:00,0.0
12/16/06 01:00,0.0
12/16/06 02:00,0.0
12/16/06 03:00,0.0
12/16/06 04:00,0.0
12/16/06 05:00,0.0
12/16/06 06:00,0.0
12/16/06 07:00,0.0
12/16/06 08:00,25.6
12/16/06 09:00,51.2
12/16/06 10:00,47.1
12/16/06 11:00,26.0
12/16/06 12:00,27.4
12/16/06 13:00,44.6
12/16/06 14:00,44.9
12/16/06 15:00,30.8
12/16/06 16:00,10.8
12/16/06 17:00,0.0
12/16/06 18:00,0.0
12/16/06 19:00,0.0
12/16/06 20:00,0.0
12/16/06 21:00,0.0
12/16/06 22:00,0.0
12/16/06 23:00,0.0
12/17/06 00:00,0.0
12/17/06 01:00,0.0
12/17/06 02:00,0.0
12/17/06 03:00,0.0
12/17/06 04:00,0.0
12/17/06 05:00,0.0
12/17/06 06:00,0.0
12/17/06 07:00,0.0
12/17/06 08:00,27.0
12/17/06 09:00,29.1
12/17/06 10:00,29.4
12/17/06 11:00,36.3
12/17/06 12:00,39.4
12/17/06 13:00,39.5
12/17/06 14:00,38.5
12/17/06 15:00,23.8
12/17/06 16:00,12.3
12/17/06 17:00,0.0
12/17/06 18:00,0.0
12/17/06 19:00,0.0
12/17/06 20:00,0.0
12/17/06 21:00,0.0
12/17/06 22:00,0.0
12/17/06 23:00,0.0
12/18/06 00:00,0.0
12/18/06 01:00,0.0
12/18/06 02:00,0.0
12/18/06 03:00,0.0
12/18/06 04:00,0.0
12/18/06 05:00,0.0
12/18/06 06:00,0.0
12/18/06 07:00,0.0
12/18/06 08:00,24.1
12/18/06 09:00,45.7
12/18/06 10:00,46.8
12/18/06 11:00,40.6
12/18/06 12:00,38.4
12/18/06 13:00,43.7
12/18/06 14:00,43.4
12/18/06 15:00,34.3
12/18/06 16:00,15.0
12/18/06 17:00,0.0
12/18/06 18:00,0.0
12/18/06 19:00,0.0
12/18/06 20:00,0.0
12/18/06 21:00,0.0
12/18/06 22:00,0.0
12/18/06 23:00,0.0
12/19/06 00:00,0.0
12/19/06 01:00,0.0
12/19/06 02:00,0.0
12/19/06 03:00,0.0
12/19/06 04:00,0.0
12/19/06 05:00,0.0
12/19/06 06:00,0.0
12/19/06 07:00,0.0
12/19/06 08:00,24.8
12/19/06 09:00,51.4
12/19/06 10:00,47.6
12/19/06 11:00,29.0
12/19/06 12:00,30.7
12/19/06 13:00,18.2
12/19/06 14:00,43.2
12/19/06 15:00,37.5
12/19/06 16:00,17.0
12/19/06 17:00,0.0
12/19/06 18:00,0.0
12/19/06 19:00,0.0
12/19/06 20:00,0.0
12/19/06 21:00,0.0
12/19/06 22:00,0.0
12/19/06 23:00,0.0
12/20/06 00:00,0.0
12/20/06 01:00,0.0
12/20/06 02:00,0.0
12/20/06 03:00,0.0
12/20/06 04:00,0.0
12/20/06 05:00,0.0
12/20/06 06:00,0.0
12/20/06 07:00,0.0
12/20/06 08:00,24.9
12/20/06 09:00,34.9
12/20/06 10:00,34.7
12/20/06 11:00,43.3
12/20/06 12:00,41.1
12/20/06 13:00,46.2
12/20/06 14:00,49.5
12/20/06 15:00,39.7
12/20/06 16:00,19.2
12/20/06 17:00,0.0
12/20/06 18:00,0.0
12/20/06 19:00,0.0
12/20/06 20:00,0.0
12/20/06 21:00,0.0
12/20/06 22:00,0.0
12/20/06 23:00,0.0
12/21/06 00:00,0.0
12/21/06 01:00,0.0
12/21/06 02:00,0.0
12/21/06 03:00,0.0
12/21/06 04:00,0.0
12/21/06 05:00,0.0
12/21/06 06:00,0.0
12/21/06 07:00,0.0
12/21/06 08:00,24.4
12/21/06 09:00,50.8
12/21/06 10:00,46.2
12/21/06 11:00,20.6
12/21/06 12:00,11.0
12/21/06 13:00,13.1
12/21/06 14:00,12.9
12/21/06 15:00,0.1
12/21/06 16:00,0.0
12/21/06 17:00,0.0
12/21/06 18:00,0.0
12/21/06 19:00,0.0
12/21/06 20:00,0.0
12/21/06 21:00,0.0
12/21/06 22:00,0.0
12/21/06 23:00,0.0
12/22/06 00:00,0.0
12/22/06 01:00,0.0
12/22/06 02:00,0.0
12/22/06 03:00,0.0
12/22/06 04:00,0.0
12/22/06 05:00,0.0
12/22/06 06:00,0.0
12/22/06 07:00,0.0
12/22/06 08:00,6.1
12/22/06 09:00,18.1
12/22/06 10:00,2.9
12/22/06 11:00,5.8
12/22/06 12:00,3.4
12/22/06 13:00,1.1
12/22/06 14:00,0.3
12/22/06 15:00,0.0
12/22/06 16:00,0.0
12/22/06 17:00,0.0
12/22/06 18:00,0.0
12/22/06 19:00,0.0
12/22/06 20:00,0.0
12/22/06 21:00,0.0
12/22/06 22:00,0.0
12/22/06 23:00,0.0
12/23/06 00:00,0.0
12/23/06 01:00,0.0
12/23/06 02:00,0.0
12/23/06 03:00,0.0
12/23/06 04:00,0.0
12/23/06 05:00,0.0
12/23/06 06:00,0.0
12/23/06 07:00,0.0
12/23/06 08:00,0.0
12/23/06 09:00,0.3
12/23/06 10:00,0.6
12/23/06 11:00,36.5
12/23/06 12:00,17.2
12/23/06 13:00,44.5
12/23/06 14:00,46.8
12/23/06 15:00,38.3
12/23/06 16:00,19.8
12/23/06 17:00,0.0
12/23/06 18:00,0.0
12/23/06 19:00,0.0
12/23/06 20:00,0.0
12/23/06 21:00,0.0
12/23/06 22:00,0.0
12/23/06 23:00,0.0
12/24/06 00:00,0.0
12/24/06 01:00,0.0
12/24/06 02:00,0.0
12/24/06 03:00,0.0
12/24/06 04:00,0.0
12/24/06 05:00,0.0
12/24/06 06:00,0.0
12/24/06 07:00,0.0
12/24/06 08:00,18.3
12/24/06 09:00,40.9
12/24/06 10:00,15.8
12/24/06 11:00,43.5
12/24/06 12:00,41.0
12/24/06 13:00,41.1
12/24/06 14:00,45.4
12/24/06 15:00,37.0
12/24/06 16:00,19.2
12/24/06 17:00,0.0
12/24/06 18:00,0.0
12/24/06 19:00,0.0
12/24/06 20:00,0.0
12/24/06 21:00,0.0
12/24/06 22:00,0.0
12/24/06 23:00,0.0
12/25/06 00:00,0.0
12/25/06 01:00,0.0
12/25/06 02:00,0.0
12/25/06 03:00,0.0
12/25/06 04:00,0.0
12/25/06 05:00,0.0
12/25/06 06:00,0.0
12/25/06 07:00,0.0
12/25/06 08:00,24.0
12/25/06 09:00,51.0
12/25/06 10:00,46.2
12/25/06 11:00,2.1
12/25/06 12:00,5.0
12/25/06 13:00,1.2
12/25/06 14:00,0.3
12/25/06 15:00,0.0
12/25/06 16:00,0.0
12/25/06 17:00,0.0
12/25/06 18:00,0.0
12/25/06 19:00,0.0
12/25/06 20:00,0.0
12/25/06 21:00,0.0
12/25/06 22:00,0.0
12/25/06 23:00,0.0
12/26/06 00:00,0.0
12/26/06 01:00,0.0
12/26/06 02:00,0.0
12/26/06 03:00,0.0
12/26/06 04:00,0.0
12/26/06 05:00,0.0
12/26/06 06:00,0.0
12/26/06 07:00,0.0
12/26/06 08:00,0.0
12/26/06 09:00,0.1
12/26/06 10:00,0.9
12/26/06 11:00,42.2
12/26/06 12:00,40.5
12/26/06 13:00,35.0
12/26/06 14:00,37.5
12/26/06 15:00,0.3
12/26/06 16:00,0.6
12/26/06 17:00,0.0
12/26/06 18:00,0.0
12/26/06 19:00,0.0
12/26/06 20:00,0.0
12/26/06 21:00,0.0
12/26/06 22:00,0.0
12/26/06 23:00,0.0
12/27/06 00:00,0.0
12/27/06 01:00,0.0
12/27/06 02:00,0.0
12/27/06 03:00,0.0
12/27/06 04:00,0.0
12/27/06 05:00,0.0
12/27/06 06:00,0.0
12/27/06 07:00,0.0
12/27/06 08:00,20.4
12/27/06 09:00,52.2
12/27/06 10:00,53.1
12/27/06 11:00,46.4
12/27/06 12:00,40.8
12/27/06 13:00,45.0
12/27/06 14:00,46.6
12/27/06 15:00,39.6
12/27/06 16:00,23.1
12/27/06 17:00,0.0
12/27/06 18:00,0.0
12/27/06 19:00,0.0
12/27/06 20:00,0.0
12/27/06 21:00,0.0
12/27/06 22:00,0.0
12/27/06 23:00,0.0
12/28/06 00:00,0.0
12/28/06 01:00,0.0
12/28/06 02:00,0.0
12/28/06 03:00,0.0
12/28/06 04:00,0.0
12/28/06 05:00,0.0
12/28/06 06:00,0.0
12/28/06 07:00,0.0
12/28/06 08:00,24.4
12/28/06 09:00,52.3
12/28/06 10:00,51.1
12/28/06 11:00,43.9
12/28/06 12:00,41.1
12/28/06 13:00,45.8
12/28/06 14:00,44.9
12/28/06 15:00,26.9
12/28/06 16:00,0.0
12/28/06 17:00,0.0
12/28/06 18:00,0.0
12/28/06 19:00,0.0
12/28/06 20:00,0.0
12/28/06 21:00,0.0
12/28/06 22:00,0.0
12/28/06 23:00,0.0
12/29/06 00:00,0.0
12/29/06 01:00,0.0
12/29/06 02:00,0.0
12/29/06 03:00,0.0
12/29/06 04:00,0.0
12/29/06 05:00,0.0
12/29/06 06:00,0.0
12/29/06 07:00,0.0
12/29/06 08:00,24.1
12/29/06 09:00,52.3
12/29/06 10:00,51.3
12/29/06 11:00,43.7
12/29/06 12:00,39.8
12/29/06 13:00,44.6
12/29/06 14:00,37.1
12/29/06 15:00,41.1
12/29/06 16:00,24.5
12/29/06 17:00,0.0
12/29/06 18:00,0.0
12/29/06 19:00,0.0
12/29/06 20:00,0.0
12/29/06 21:00,0.0
12/29/06 22:00,0.0
12/29/06 23:00,0.0
12/30/06 00:00,0.0
12/30/06 01:00,0.0
12/30/06 02:00,0.0
12/30/06 03:00,0.0
12/30/06 04:00,0.0
12/30/06 05:00,0.0
12/30/06 06:00,0.0
12/30/06 07:00,0.0
12/30/06 08:00,24.2
12/30/06 09:00,52.9
12/30/06 10:00,49.6
12/30/06 11:00,44.2
12/30/06 12:00,39.9
12/30/06 13:00,45.4
12/30/06 14:00,47.1
12/30/06 15:00,37.9
12/30/06 16:00,21.0
12/30/06 17:00,0.0
12/30/06 18:00,0.0
12/30/06 19:00,0.0
12/30/06 20:00,0.0
12/30/06 21:00,0.0
12/30/06 22:00,0.0
12/30/06 23:00,0.0
12/31/06 00:00,0.0
12/31/06 01:00,0.0
12/31/06 02:00,0.0
12/31/06 03:00,0.0
12/31/06 04:00,0.0
12/31/06 05:00,0.0
12/31/06 06:00,0.0
12/31/06 07:00,0.0
12/31/06 08:00,23.4
12/31/06 09:00,52.5
12/31/06 10:00,48.5
12/31/06 11:00,11.6
12/31/06 12:00,13.0
12/31/06 13:00,20.4
12/31/06 14:00,5.3
12/31/06 15:00,0.2
12/31/06 16:00,0.0
12/31/06 17:00,0.0
12/31/06 18:00,0.0
12/31/06 19:00,0.0
12/31/06 20:00,0.0
12/31/06 21:00,0.0
12/31/06 22:00,0.0
12/31/06 23:00,0.0
